0.2529441248897749
0.24693969002268013
-0.07896309807453888
0.08128794381781201
0.2502441625110101
0.18537155565780522
-0.1331804310562478
0.23461122723440775
-0.08619771886759153
0.2659135281206607
-0.5837400560663382
-0.5492516052622547
-0.35406545271647005
0.06522351508996527
-0.0966325922725493
-0.0018435293101923267
0.22267272923132686
0.35417457640500605
0.3567913681801834
0.6953712491748346
0.649675998473338
0.6948422275356212
0.8771932749439444
0.9651670534265906
0.9153534759837998
0.8016719612364822
0.996187599368588
0.5583717017898672
0.4280779178962699
0.30010135941333915
0.3608095027937588
0.6871693949030713
0.49468674204117236
0.5043616375586062
0.528134750414254
0.2955197378076425
0.6122243231201855
0.475627188906282
0.4721421932458789
0.5066751247530376
0.679439731152007
0.9112598325094714
0.6583640284346569
0.3989830973068551
0.3746604094212109
0.1357059065596405
0.4713834180562353
0.7129457592400892
0.659796196901703
0.4851642278107928
0.3312428670023685
0.2891637403989711
-0.019628807471182286
0.32981044901185885
0.18170042489208588
0.34381181470737743
0.43864792927779783
0.14870185180609574
0.8030494952968392
0.569088767258506
0.669203695792487
0.11252883385664658
0.09014243239056285
0.11042111073549393
0.3385749730614873
-0.040664516132255635
0.1401269811245861
-0.36013065238979397
-0.6542134314009765
-0.31969326748318444
0.06742784738007729
-0.4267357976963734
-0.07746239960817297
-0.017784638564108723
0.5053707638547094
-0.15519101203197413
0.18615527543773264
0.5852812642596594
0.7836661901773145
0.681449574345378
0.6387464015490782
0.8519380174092881
0.9387962163621126
0.6051904549061315
0.8396712148353027
0.9802731404131277
1.1363085754215287
1.0248482264673044
1.0475888646757463
1.07825961768492
1.2470903304877878
1.0448484797778645
0.8058761198324143
0.7783759705590818
0.2505851829273933
0.3520647198881096
0.5378745549351934
0.788184928853737
0.7853528613067737
0.670276051749498
0.6996133913392436
0.64864522944021
0.776176614988944
0.6436053432174113
0.7727372018888536
1.0429261269096752
1.2102236149853418
1.0684700474748652
1.0527827165797676
0.8859660972254897
0.8764741515480579
0.7946559687907899
0.867121954799013
-0.033635997313256005
-0.3637982394933178
-0.3542096098037855
-0.3847921034431439
-0.24758851883699473
-0.12842208677339956
0.005196825898917123
0.18458712122628873
-0.17745433558922546
-0.30658846323732064
0.16526147478193287
-0.03051285108354279
0.09773501380543309
0.35111005246238625
0.5876524776079125
0.7797493894100884
0.42440446219709305
0.918999666112728
1.2536079595270275
1.1864158979604291
1.0948211611114769
1.188803629625174
1.2211508064569396
0.8419096468150253
0.7476009624730253
1.0161612742057635
0.5940610767282188
0.8481445427029128
-0.9326768448794185
-1.3969173198762102
0.08328281454841491
0.6442818224690371
-1.2473554796865245
0.40821723861332604
0.07720259339430596
0.6274400852770547
-2.0372349466719752
-2.7522839576291815
-1.577214364225958
-1.0127493230925784
-1.8978166118369015
-1.7946782359889077
-2.4827409245720338
-2.322196647770669
-2.237885739583075
-2.07391859472131
-2.3139245621894213
-4.238610699246685
-2.3141505883781415
-0.6461527037437517
-0.17995009060664385
-0.2870689088628522
0.0622341213657196
0.5440382432668325
0.4423560802182881
0.6833917969491987
0.7534916528013913
0.902624552181776
0.8637841095399785
0.34133279068633493
0.9851390777314935
0.9677292347072475
0.9205212519946937
1.0490725970122647
1.169004733471378
0.6572022132392842
1.0381556048000795
0.6526280509243378
1.1333586509642737
1.0425587694044123
0.11332420574970714
0.6110137707626032
0.6858133630903888
0.8381946574133428
0.13884851288528754
0.49376633452273355
0.4106827390688389
0.5635890710777594
0.8683887502260541
0.7210615367637179
0.38719132525769107
0.5802661276702461
0.1509860487436956
0.09475229971727939
0.18292424885597625
-1.0779566048673046
-0.1810857975257997
-0.3511122256089447
-0.10173832968646063
0.19987341627408944
-0.25714019128169324
-0.6126808595923064
0.1019093118253932
-0.19288386357496812
-0.2950816431509402
-0.6280615133736653
-1.1732062022662983
-2.727999293431841
-1.5148411717758072
-0.4867468473078016
0.016200875895298283
-0.2757878462619003
0.1632708047356179
0.34859548169482946
0.20352462435214724
0.3281368217162245
0.2749261965631994
0.5906774454551972
0.7394289073497178
-0.3352225761992707
-2.0305361390133294
-0.8696056554100206
0.16925079374109997
0.013670268476313197
0.6741680331955324
0.5180359812486849
-0.004605154248167043
-0.21108101244164984
-0.929355932088224
-1.9779195841545876
-1.9732436508496545
-1.3785549655045226
-0.8263461146327478
-0.5607419428119078
-0.36225270567867895
-0.3226160599375988
-0.0456633207429204
0.20095409724979957
0.3925018259260944
-0.7716738384286663
-1.9556481455828416
-2.203289564537646
-1.5921404392814997
-1.003472853249853
-0.46047167668110683
-0.7713974234845624
-0.25959778282293006
0.16779776711579109
0.45964194168819483
0.005840402318648241
0.2591476200028261
-0.9527192710738067
-0.2813193371016584
0.2906508497017871
0.3851451682457757
-0.4984135441648495
-0.050379844802966034
0.06087480231686804
0.24373746945317443
0.7802420410635085
0.293385134933988
0.12849183333081965
0.8654934848319078
1.0432161855472173
0.53892891938291
0.40059753697761025
-0.3130859247989849
0.3634087395533163
-0.4683163750764372
-0.04892070275389171
-0.23460749821496943
-0.38304752947605214
-0.6992021065222156
-0.05118679476015395
-0.711226181287399
-0.7835137812361359
-1.0596781591832805
-0.5206193054458536
-0.949183408685771
-0.797164454718936
-0.9792970152658014
-0.6094793040657558
-1.1223288788121852
-0.421191568577705
-0.09050150580256114
-0.053363982258998466
-1.4505513654359772
-0.3501067966995698
-0.6970721129023509
0.234238344411285
0.4429918940249722
-0.12173724013430628
0.1896015523022379
0.08865086653423543
0.5623305184808898
0.6495129573160161
0.7412678186162038
0.3964803229722077
0.5754659336561232
0.06852576518510278
-0.6266358218346341
-1.460170679612213
-2.3106813623501123
-1.3598818292727266
-2.409103891286553
-0.058251982188410184
-2.327512724339093
-1.5769665526454841
-0.3534904492806323
-0.5304525329649851
-0.19729106351018807
0.23700289713606126
0.08275420825025614
0.4673267593452124
0.5164380998139263
0.43445167973456267
0.24144022772615126
0.2022220484890609
0.36220316808678266
0.6076972675066484
0.8346920775282902
1.283086018347496
0.16462757462592476
-2.246636401539633
-0.5968667949733124
-0.23485857598408136
-2.7603549487216785
-0.5691766312343058
0.04707599686055319
0.2358003526609742
0.1623839357506951
-0.2839906591083092
-0.35162567736797523
0.05160465849146195
0.24108827782301367
0.2673453035567157
0.24162800547096086
0.02189185953561662
-0.21573132335027956
0.5279108891461457
0.6299955915350717
0.3119899751245422
0.5932501547163296
0.6898310015596422
0.503436386491725
0.2851629921101023
0.20042631743160105
0.2527687555919157
0.05120961152191833
0.21381871765854232
0.5761409906917374
-0.5212670779955862
-0.5890840711460317
-0.16897191437389222
-0.6987806270471466
-0.3693826124682884
0.640321227325792
0.7946231257121887
-0.47909112099210477
0.05594083262739602
0.43434239044516854
0.22667302613685547
0.691404268558399
0.4994289273177832
0.3175780504194703
-0.11436974395159943
0.7093573118830734
1.6793513368259234
0.25321197409994123
0.5029860848524745
0.701840416215614
0.7721698803652928
0.9117233585932265
0.6081130053787341
0.8898555511766706
0.7357658092536807
0.04177498183160211
-0.28420386966331324
0.15170479734769748
0.45127954433708073
0.5789844164135325
0.6185474977704585
0.0554183254132406
0.44403908841383233
0.9415650843596739
0.5031680425675686
0.6332048621070461
0.5984310930970934
0.3564130108026252
0.4878315215249186
0.3458959714259743
0.5485384710009968
-0.2974566205489831
0.22880339264978933
0.5866008028730343
0.6077738014771806
0.5023046105070684
-0.02806924693400359
-0.76995872328537
-0.3376245358076705
0.12736931108056881
0.6027088163825134
-0.3124210905677246
-0.00958643283559446
-0.08516273660190748
-0.37075405431429176
-1.7024579529959862
-1.7144154772859483
-0.5781474531622568
-0.21929621949331504
0.27626091024107335
0.05872863111889126
-0.681665771826628
-0.6417984849803902
-0.1549028857706514
-0.16552228688450385
-1.6533115864115804
-0.5064423006193963
0.07779311984493154
-0.059480900491894584
-1.1938733731531848
-1.370665599914028
-1.2661709784135549
-1.1554631321581288
-0.6993458013268086
-1.1700182436842577
-2.049710398006156
-2.2294731715858918
-2.2539898408487304
-1.974879432350355
-0.8029946986760892
-0.49894510303748296
-0.21381005030447625
-0.5308095858310481
-0.49563856255465516
-1.1442642582185636
-0.6878056806231589
-0.06613140449636798
-0.7824692019840058
-0.6994108160126807
-0.4550764021020057
-0.08646868944837383
0.25057443284491676
0.043089607951828146
-0.6384631212691062
-0.3678161139555556
0.06160243040750579
0.4161271416559824
0.27463263214739364
0.3418698098241766
0.38713940187724905
0.41470166086373395
0.36096658662482184
0.22472203006140168
0.5195484588892748
0.5533399739251692
0.2658453936058027
-0.984261171780992
-1.7774672831346305
-1.3570686394005735
-1.3651618172003797
-1.7100777147054496
-1.3352038010935727
-0.3387022409315977
-1.0196303990312505
-0.7584624045619275
-0.7858821041700351
-0.6520290829847091
-2.3617093333947654
-1.3883335988777883
-0.7595066446356493
-0.3599072072877455
-0.36482062093542195
-1.4370148061986472
-1.7279433534321047
-1.2944438507577343
-2.0127391523118168
-2.29938978565767
-1.4999196167106463
-2.674815592540038
-3.2289258162185357
-1.386330882743917
0.05069628370843726
0.0973039080188638
-0.18765955677452711
-0.36986108120605754
0.10361198645263459
-0.2114644810040507
-0.1677525365974681
0.3193018839918187
0.44483311143897986
0.4706680629977271
0.5767286467453856
0.43382713600622724
0.6431824328369038
0.4521678319495076
0.39214353189499573
0.3574050232190489
-0.07434854458655363
-1.4610433520308277
-1.1791307428844195
-0.8043896441104637
-0.3707112434719683
-0.24769369468901137
-1.3907307758018352
-1.0583491297571115
0.1603940662723713
-0.439757586646817
0.2982706899167932
0.5528082042856719
-0.44610198340205637
0.4836493409963727
0.5011802145243908
0.8406009362864881
1.019166260432937
0.791101242562154
0.7739521784694008
0.5768034011759774
0.6739150386576899
0.35470219507027656
-0.20275352350501696
-1.6950027126158067
-1.080125451163228
0.023276999079633653
0.5262844611628051
-1.2231561821792212
-0.9635641478020341
-0.5269552442747435
-0.0327135818968195
0.20591184195136714
0.23999621044017994
-1.5489360491257804
-2.519145748057043
-0.53313467315439
-1.6916426688018948
-1.0950791609517616
-1.9013104141138206
-3.215837076407775
-1.1932812001928146
-0.7331928600394261
-1.2353843349594034
-0.2599076696731351
0.350777365018764
0.29983734808245266
-0.09254273763761744
0.3464187223248578
0.2797970047063786
-1.214055782947805
-0.3925427823218897
-0.17154006972479316
-0.2632239879495193
-0.673075454331322
-2.085449166224853
-3.350708673687399
-2.286306392410774
-1.8268625215892091
-1.0579049152765414
-0.5222539868137629
-0.6002032548132166
-2.1365785758200744
-1.5027593280366576
-0.45222150145691287
-0.18774739608182894
0.06173513379738882
0.41294928575261425
-0.21792216215944002
-1.0064404197293069
-1.2256972630443919
0.03505949133013142
0.47908534251205726
0.16313346382780763
0.31645290462890274
0.11311884783076959
0.35952371892524415
-0.04999828400387915
-0.03888816126618566
-0.26634974307085074
-0.4244545207433865
-1.6736480620421246
-2.466564607858256
-4.124151528877435
-2.728737316869479
-1.3921980773982787
-1.2794579148676837
-2.199004870334694
-2.6497580224773687
-1.3281228659554374
-2.058761916381025
-3.158398678623233
-2.15658669418731
-2.5403728719605194
-2.1758162479456398
-0.3225962170009969
-0.8861980056683226
-0.7128441794400298
-0.4287095676431396
-1.0598848458711323
0.03659110839424501
-0.16474445991155381
0.20143604152674643
0.6401128874709348
0.6030026877927904
0.05174889250176301
-0.4893923330763622
-1.3050008827351467
-0.7191019694656495
-0.23830959411808733
-0.03371691458387083
-0.20612189983419832
-0.5819091787077306
-1.369524231576809
-2.7481118379984837
-1.431387706942688
-1.4779007756883387
-1.3869370716775817
-0.9833514945235428
-1.3449944337873532
-2.476927818903939
-3.508137442835002
-1.5400662831530434
-1.0806376123838184
-0.7516476707349098
-1.8181582146246176
-1.2942038428610951
-2.0556738296847157
-2.0591268999362065
-2.223776633592133
-1.1751808993514081
-1.2902727339392237
-1.9078174068620763
-1.8109696627330392
-2.313953266781411
-0.9541015724261165
-0.30060927888174793
0.13262054586560162
0.08889592754387676
0.08015206573222805
0.012996557264311481
0.18809124324350657
-0.13071716693339425
0.049461980738149336
-0.8084874998144127
-2.659083785666538
-2.022020413338581
-1.0136152727309262
-1.4126727206628584
-0.8826974363283663
-0.96261739834604
-0.2533689620108663
-1.125249373060807
-0.8519687526594929
-1.2360595667129943
-1.9549278624445858
-2.8166706851121175
-2.759781967577884
-2.2203535680870594
-1.0622194899286463
-0.6812242731446454
-0.20090011954937392
-0.21846985488617054
-0.16346929540155397
0.004077683085898787
-0.5558503435422827
-0.19104754396525417
-0.16752434169933925
0.268680072036965
-0.05372096577915994
0.4387919004061317
-0.24923067581212943
0.24321239531281325
0.27663254929920167
-0.24618499133448565
0.06095019895177273
0.14655631053789986
0.24734608290216864
-0.5866621974416062
-0.3172155501161537
0.07373453652338369
0.21123949663424124
0.34718887886322025
0.3627263458118041
-0.0009171631719309681
-0.4430504864918763
-0.7168066047629545
-0.666091564015566
-0.45309455986261216
-0.35670946806672665
0.23516448481129926
0.33020751512928737
-0.28789179173566015
-0.29202964556691496
-1.9495893709007934
-0.309068445041226
-0.5327054130262949
0.15698985650175312
0.061094020427294615
-0.03140546247456211
-0.6408991308345157
-0.7332390127662
-0.9549618116333946
-0.40565817469029514
-0.5377010565281066
-0.3233719078240108
-0.014642796706157368
0.22072271399377041
0.2631682378699932
0.08861588816631799
0.1918168622473535
0.08202104247902348
0.08883798431346956
-0.1148512250758155
0.0974997941833563
0.09753573012295763
0.19514635306942607
-0.0778653358314147
-0.47679635838696627
-0.004108722149689048
0.24534392263430926
-0.04552098362149709
-0.06386459460877328
-0.2425821774095404
0.1527694528004948
-0.38579921260170746
-0.12937133527242567
0.10070127374176346
-0.05712267613446628
-0.9113366328319985
-0.6228496966635035
-0.45521485339895895
-0.18986890868115402
-0.21704438877676968
-0.03585551579529567
-0.24464750494325802
-0.24807015931870782
-0.28566369063559066
-0.7352324954758482
-0.8497797340137018
-0.5293471022971065
-1.2891822120329026
-0.31540499242310305
0.3295916631537742
0.37510108936143083
-0.29265246951471785
-0.7608721440635838
-1.5860048050797364
-0.6075232225578273
-0.31941359257789825
-0.2521817651906117
-0.34149304098592026
-0.03004047096812973
-0.5063681064262635
-1.7837164280990214
-1.8822435721979676
-0.6865839384386274
-0.06291208998950187
-0.16934400605036554
0.25811839963744665
0.014019745616117185
-0.33891109311846807
-0.3796845917391719
-0.2268541068221651
-0.03445192636978828
-0.09525303985965258
-0.6819996753712587
-1.2533039278259885
-0.45432698517258974
-0.5541293127921691
-0.21316530823548874
-0.23949827605226665
-0.5915457799649892
-0.3414483350181777
-0.3414856322073
-2.1559699492458195
-2.487417540572064
-1.799150601366198
-0.2800601373022944
-0.1586631506890029
-0.550977141877606
0.0769281226560471
0.17768176104173528
0.246518496902273
-0.03973569003762373
-0.5231694826400206
-0.7596418913148708
-0.4650965231573672
-0.9052655566850223
-2.382384216798844
-1.881517704421194
-1.4158787818551613
-1.5110691998463206
-1.773662424949261
-2.971880359558373
-2.1301553220051495
-2.449990001133198
-3.0002628425058457
-1.4200724627712047
-0.8092452936353467
0.0618131928443616
-0.030209491676301714
0.1434046323855392
0.08674679083830655
0.0028942270654208624
-0.9349530394701472
-0.845637416372903
-0.3137603894656392
-0.31511469439187406
-0.8485021294429841
-2.0322811103787384
-1.460934334131718
-0.27102873172875697
-0.10905534751298843
0.39853386456522755
0.31608719952555
0.08008915927137539
0.33341643895251827
0.5140144597326957
0.63858592356841
0.587572746669857
0.2568304694350063
0.43616844036952485
0.5359630370535537
0.6470626701739562
0.006057540915730297
0.24890658046180925
0.262351863746926
0.34253099866196834
0.2634348612530726
0.19284091942906023
-0.027933655322506745
0.3545223062758055
0.3383658330806125
0.11332635074377784
0.5104500605254169
-0.11768406646109417
0.10348362456618848
0.021962516572838542
-0.15060449360399403
0.20206278256998722
0.5006383797513477
0.5236500892067828
0.00740294091595789
-0.40331994924422077
-0.34474861766108655
-0.9233461653901914
-2.162280705822072
-3.23657561825718
-1.4440657400615606
-1.3771681725092852
-2.903018447102296
-3.673894484830397
-1.2040644914947645
-0.18090840998697982
-0.4339330775243577
-0.2161862603973031
0.10903192793850197
0.020001159743742114
0.0724019061518234
-0.9501371510468648
-0.8937357249096586
-0.46398949532916295
-0.27734992159927907
-0.4335793992411574
-0.30602117190215083
-0.9427739798420505
-0.2643922234535936
-0.14724789302982616
-0.8658550754515265
-2.0753842599567136
-1.0807724192810768
0.11072770354443279
-0.07932826358925041
0.0009548545778241269
0.19117503201102654
0.5367345851183182
-0.15935470118719489
-1.2405225718387514
-0.7881888134008239
-0.24712724186807125
-1.173378721054485
-0.37721171170582113
0.0021420700665671366
-0.23075211857953168
0.15739789101532914
-0.011375922543127026
0.01001852545106624
0.17267305758453466
0.14084370120733458
0.08088282304487937
-0.15341664647807843
0.19845636759537572
-0.2588571001131883
-0.08320431060759287
-0.23781417674212066
-0.09446049336647672
-0.03309011526671285
-1.3605855737922767
-2.4679893569569638
-2.7939441493841173
-1.157737707492298
-1.7198382022506649
-0.48674384902226553
-0.5251580934289408
-0.013200905629697668
-0.1710634847420921
-0.026580374152023967
-0.3297505385988365
-0.11674098250835946
-0.1933664470578978
-0.0813811243055712
-0.9471845212704618
-0.5682484574356659
-0.614850910148453
-1.2125177536204077
-2.652763626264008
-1.2968165652470265
-0.5093222030540507
-0.965658369333543
-0.7781768202149887
-2.1426491173207385
-2.514431017362866
-1.7831093739543358
-0.5871904717232486
-0.677508030715619
-0.31209242640288476
-0.7918526058180273
-0.8079399370770246
-0.5241710282968683
-0.31114401774051265
0.0016247405870349896
-0.003978633225211914
-1.2651117898480102
-0.6193743332452373
-0.04728339408112869
-0.0792814448648975
0.06724277236840209
-0.41739591125377146
-0.8345994134242631
-1.1187723351455143
-1.2636417773098603
-1.106023236735068
-0.8155052616869256
-0.5080258516652971
-0.7066831522810109
-0.37638492525981776
-0.3353875784124374
0.1959004371796132
0.538152518046971
0.3773429451037472
0.5167966991049516
0.38334469369527546
0.578117636089183
0.39218905536562865
-0.1294295076344276
-0.2355173285988451
-0.22132542945355557
-0.8517001727120017
-0.1632373611257045
-0.29850060675753465
-0.17529860756892018
0.24122234416238997
0.22399905734926684
-1.0890173171420403
-1.971210987352329
-0.2883440318753346
-1.2600149518935364
-1.4606433973979633
-0.7513722640643032
-1.2734557517080467
-1.0971234095262652
-0.41537906562545546
-0.3692546162359356
-0.6171907033410284
-1.0658743209212131
-1.5162659002692802
-1.0595455589188645
-2.1750920088716277
-3.0344473549677193
-1.9830428171022556
-0.363299440817059
0.01836906124254173
-0.18637271159176755
-0.03289678841022997
0.10335911135721731
0.3146244484381825
0.19242464251609104
-0.1487905073707431
-1.431858400495168
-0.3953372995912974
-0.026839978505266926
-0.06671076597461748
-0.23631991425768503
-1.0070149130482469
-0.5221326922989737
-0.5192854118715274
-0.04066037874849898
0.16249215977158077
-0.08103243379434025
0.2549163650846392
0.08646115495310158
0.04546613456577997
-0.39426056912374563
-1.0908849043966713
-0.8698743678027435
-1.0660653825012032
-0.2031822443078744
-0.12907539058930115
0.27282481303202466
-0.15369597250499079
0.2799768209974466
0.5296919352185095
0.6551938665323375
0.5384863644098985
0.4940676072048775
0.8744801382136829
-0.54673429767226
0.41392699978721226
0.3068470587943598
0.40367637478851837
0.11459995243924914
-0.15838570583393075
0.24643875861050624
-0.06484482241335343
-0.27136842409478973
-0.5095561194648304
-0.17065750367315496
-2.435644021016688
-1.690474254368178
-0.39550082346420745
-0.4086001681777314
-0.09281757781060856
0.13647364088670055
0.39475250939726814
-0.8173403203515769
-2.810955431929912
-1.3551337062977356
-1.797032296729848
-1.9884866745142649
-0.8214155057277923
-0.020632758643351456
0.2834501042507035
0.23433522441878873
0.055100961060490505
-0.6570700882193596
-0.25482419211424506
0.0006394179170645109
-0.024317014417731042
0.13240383892495272
0.30015151239140947
0.4939805047672682
0.24628323597630664
-0.3505490717483837
0.06385634107026161
-0.9101640210729484
-0.17033683292316218
0.09421494185555762
-0.17102684784301941
-0.8533526042906013
0.06556057499849349
0.22270892430269118
0.014326792467572624
-0.7328101062211783
-1.2358905397272237
0.09754410125832119
0.6725399895421676
-0.20112715364706746
-0.632413246466969
0.08802918257185488
0.36222758224113405
0.4928358129906526
0.3565732985313208
-0.4938766489682592
-0.2272604134013631
-0.11967745552558848
-0.07624174272609446
-1.6824237592176199
-0.3770461857610384
-0.40043971616254936
0.07284230036384487
-0.11287386324542387
-0.5297603023354098
-1.538675051952695
-0.3055729635356196
0.3842331907443697
0.4429126064329456
0.39005867932232086
0.5589740759079674
0.9896859491037262
-0.08221955802079886
0.2036048928266856
-0.4367535750660134
0.17389492881410062
-0.2795176459823752
0.753651157045216
0.5068197404383283
-0.5645639163007216
-0.053255143051791715
0.07856541972548037
-0.06758263398703607
0.15497128187507364
-0.34620556466898206
0.5973084703121992
0.8425996601392693
-0.06808738429569183
-0.7060378687393503
-0.9740225589925041
-1.2824768807688578
-0.8470515324907504
-0.8525802719752803
-0.3818682902835112
-0.17065245949661614
0.01178138860688166
-0.07788263721831987
0.04695724844893934
-0.6018422077868275
0.14503603049396674
-0.06685871076531189
-0.358107057298162
0.13780757110474945
-0.21507372314116324
0.3644997374580631
-0.05077487081460308
0.32309944285005365
-0.41788831374101537
-0.7614688818814951
-0.20909563630153924
-0.16828839516997524
-0.157010541867695
-0.47459246735623295
-0.8729739808231334
-0.46465420948928093
0.0610387042371085
0.21596107671409748
0.49465262191936066
0.37792968523813353
0.0838544945642789
0.32920166673869855
0.48869204757061346
0.7739395360523926
0.7513415250076798
0.6050843667179029
-0.7374108125560311
-0.058253847062924136
-0.5960474205853293
-0.32581523469167
0.12091379479756897
0.27309639514984574
-0.2740291067233354
-1.0908320931249875
-1.8219108582548638
-0.9814489101285868
-0.22863868341277702
-0.3223172937713294
-0.16003899517259607
-0.011039731197763247
-0.5501972833179403
-0.5674475155557738
-0.4010001001747736
-0.12312059077020887
-0.00373692693820471
0.21879217315642108
0.09257705895124718
0.7216682011041524
0.8694105140398263
0.7480814721187623
0.827340452903395
-0.17130820325634455
-0.464687118324578
-0.3508465643003635
-4.514126586385725e-05
-0.39733042211876435
0.055543328348033216
0.5043450748510367
0.7568388492872482
0.8784298204000818
0.9011719624825423
0.9607899724533495
0.4744200234459397
0.8419605135471078
0.8539543717766316
0.6702947070566826
0.5585499006781959
0.5135465641014441
0.27263173583154765
0.2984463902884348
0.46049529913831966
-0.19658138326311986
-0.20662487314950834
0.07418294025044447
-0.4067768434614028
-0.5658825545019707
-0.6031666223732588
-0.2764171409295143
-0.9319916256757851
-0.4212908606882692
-0.13900668815453784
0.11567851186866457
0.041856288488622884
-0.308860991546729
-0.15871027039454444
-0.014812193340412394
-0.3449679505630602
-1.1743511378576792
-1.4419877463015138
-1.0798283801761412
-0.7940764349852886
-0.5262124304981205
-0.3903897577454677
-0.5001791084971937
-0.7893669225251954
-0.9017100720152006
-0.5465081708438234
-0.30068231036476983
-0.16655134447972206
0.1095015572155506
-0.2341716979487623
-0.13329525090780547
-0.14346946152711962
-0.5862746781147027
-0.4167406531260038
-0.5064345539243887
0.3062281690583162
0.41467234633801564
0.3926691881096205
0.35817781328150333
0.3218374471147112
0.07248488357844118
0.38041228554073336
0.3036184255667287
0.44552921283252034
0.5498523270887156
0.3331305417167849
0.2854893704334449
0.3821481658985728
0.2966710218035614
-0.3396945656456009
-0.32559647271763265
-0.19665852651897725
-0.40482557868915703
-0.235032387748964
-0.27026884893382797
-1.316384925917084
-1.935494870524376
-2.109890338452956
-2.576339015923142
-2.4679142714600184
-3.017016772743
-1.987803081696898
-0.7765788131154825
-0.03947605371308732
0.008855490237726804
0.21871730077229268
0.108142769135325
0.25354206816598746
0.3685949034496553
0.47701216749327957
0.45933135587466434
0.155043952518704
0.21322360277659624
-0.05368764040432886
0.22220257965937895
-0.1903682647880316
-0.238084691610864
0.12373999635971289
0.10077629859163034
-0.003809321303204105
-0.575385041466465
-0.45800958234905076
-0.22634253334248158
0.2665832653267879
0.24847051063170478
0.31784611491581005
0.3890420160953174
0.30638062002696764
0.2227568720584835
0.44407944206795313
0.3365762377862168
0.08725864005528322
-5.3246887711342845
-5.632939211237226
-4.199293836434305
-4.976326731951172
-4.710127197840651
-4.743399114230312
-3.964210475044416
-4.900021387145632
-4.417713453381773
-3.977031484236157
-4.0544365549973325
-4.21401197184077
-3.7682706169133198
-4.172915147599249
-4.46728364129326
-5.505082418095676
-6.038082494068263
-6.097517413736613
-6.384023140350443
-6.300072905047727
-6.567160457023556
-4.952639737743355
-5.259628019318159
-4.472753576164057
-3.9610599908422115
-4.648403649565657
-3.8658596810577963
-4.679601592215471
-4.702182859903199
-3.8514826541407583
-4.521519501695758
-5.106688449116841
-5.224677302074415
-4.9400318225510595
-4.733487089426898
-4.90110502796404
-4.247107534160296
-4.011176304543126
-4.56698370558412
-4.054276660615086
-3.4889177409437604
-4.047904479027824
-4.562429274859834
-4.563396403314467
-4.807371543468512
-4.602389230665877
-4.281121204109072
-4.0876976348512235
-3.8518373012231617
-3.642636111829794
-3.704218370951482
-4.216024809486876
-4.2642828241571715
-4.038976494064488
-3.3245619352882745
-3.681706256109501
-4.03012654960312
-4.302198969697188
-3.5808270435387026
-4.052967908488994
-4.2543618660201785
-4.319587190408663
-4.619355963636514
-4.44510659532004
-4.0859988773590565
-3.787887865147801
-3.898665864365613
-4.426546346049395
-4.0004803973393805
-3.529604832661427
-3.496927277244743
-3.384035384499234
-3.7233054715874214
-3.8748267317965785
-4.03382010083845
-3.800528972065484
-3.450907682819788
-3.6807802594289702
-3.6996604707628684
-4.194389516632828
-4.364394813505175
-3.7825945626513047
-3.5532289910690285
-3.502772717279755
-3.938993205621559
-3.929252932435741
-3.964838478764804
-4.163311585685647
-3.521398085107915
-4.2448794073356115
-3.7724122739769195
-4.284545097003589
-4.359729710009435
-3.344481602792964
-3.7688458948642802
-3.5879156826645984
-3.733134944188518
-3.442617954563464
-3.233089207420768
-3.6081503095085905
-3.4470151833960427
-4.387766832490667
-4.333015330564014
-4.840986375242475
-5.6120331779572155
-5.915720910273306
-5.308206995767643
-5.13223890801703
-4.726796940488829
-4.764174703780721
-4.372522664121929
-3.817878353758428
-3.6418040369162936
-4.214759102956722
-6.47188084324612
-6.381973549267847
-8.02310781000085
-8.290078280919243
-8.673482255703505
-6.977432430400014
-7.311546521509149
-6.876142832124537
-6.722452078488854
-5.665441176813125
-6.237121440889139
-7.16018036393935
-7.278827589552503
-6.235461206856021
-6.97142732760535
-7.000198544997921
-6.211043995124783
-6.767390251158936
-6.149970128300315
-5.855253599672587
-5.656390798461994
-5.695631096346001
-5.290853700356205
-6.310527181916031
-5.305686777551997
-4.942563914930144
-5.172918487884081
-6.4168439074129155
-6.130753742913569
-6.5241064337731185
-5.884641381797613
-6.2084618523237465
-7.12393388197001
-5.753136628810609
-5.753014235853801
-5.725940824050999
-5.399784905288475
-5.739881239604696
-5.869741295973208
-5.36049099180233
-5.270683313704428
-5.281530900051528
-5.091509764755844
-4.659180063647641
-5.3597563101313055
-5.314321211372547
-5.498825854823886
-4.994217146849677
-5.127304002211252
-4.908257030388691
-5.9483681251643175
-5.878541730021545
-6.203526125545149
-5.269159562063159
-5.4232346498779105
-6.26834495335442
-5.423439870484876
-5.583255003670005
-4.871186536955466
-5.579556823478182
-5.628247904818729
-5.818949389007403
-5.5063402605958185
-6.124713316567862
-5.9228016259825935
-5.994921323881536
-6.075341631439444
-6.105480972411171
-5.788476231085406
-5.519027207796765
-5.230994602941591
-4.729308478620102
-4.728869015444134
-4.463370412720306
-3.972096713737691
-4.448166543197385
-4.590544241619764
-4.376134807429394
-4.866915865710722
-4.429147744015131
-4.209153638490708
-4.18116845028197
-3.837221637622169
-4.088546497705531
-4.372594290090139
-3.8988599606860967
-3.842373254644814
-3.7498666647096526
-3.9033714906788104
-3.8557273754359223
-4.005116414939994
-3.8855340812296957
-3.888691432075521
-3.7494556925991303
-3.7134021972414626
-3.615716671556605
-3.5579082940673166
-3.406922852478946
-3.3766151767268227
-3.738127636965216
-3.2729773643757305
-3.729585293516293
-3.401676075508795
-3.0762100174494087
-3.8702068006512986
-3.3287829190868425
-3.6722347097433605
-3.448013573667347
-3.8109984818992357
-3.5069313097469204
-3.6782329297715934
-3.5450567739323935
-3.6418526484433364
-3.266465199019252
-3.4167036551215952
-3.249459983457111
-3.3340666354294495
-3.1167954328826006
-3.01261902590051
-3.2410807975655613
-3.609865977555547
-3.1538679080210628
-3.387912641673669
-3.4960005477164984
-3.4040818158140036
-2.9143801191478733
-3.2392007901617133
-3.4073856453565154
-3.4951059033483576
-3.627610002117599
-3.394725046014562
-3.606950265641033
-3.269372776802326
-3.0228821484835144
-3.373351676740884
-2.9586368691082674
-2.9462315050285204
-3.2545107684824384
-3.164044094066197
-3.52221472494462
-3.2912465876986614
-3.354117365131163
-3.4605113109218477
-3.21471712624807
-3.3408115620955368
-3.353066154467653
-3.1164691044829924
-2.742729225591991
-3.4126433950768877
-3.0082085962343905
-3.0785480521215645
-3.108921740936042
-3.546434281973082
-3.2500969139368054
-3.1843678620563045
-3.3812332253755724
-3.413041541322003
-8.548860355576927
-8.760073915667176
-8.408319876265251
-7.901790667045956
-8.356139939603793
-7.907207431968536
-8.371652618401697
-8.126158897577639
-7.88747119537571
-8.281217638165751
-8.132460360605927
-7.9330135136429965
-7.75224486841934
-6.683053672263969
-4.234030864073017
-2.6025332443198366
-1.9970445774863392
-1.6107380600334333
-1.216001472194879
-0.9612398526891367
-0.5572132456027661
-0.9344392319161153
-1.2197622555900807
-0.740276596782023
-1.6632558742195005
-2.071368376866456
-2.799839825797009
-4.269858788848988
-3.4378052851861645
-2.095196086097433
-1.0020189851696144
-0.8123985422872411
-0.4951292014305606
-0.2765230050900205
-0.22643551758519062
-0.2127453946224861
-0.07737996638651942
-0.13165720080823967
0.023010523006895878
-0.016253976376391976
-0.3556946755543031
-1.064680192579891
-1.2096729331152454
-1.8964157748795591
-2.0244881128836862
-1.635988486451946
-1.258086975605405
-1.1339884765174573
-1.5962866313140014
-1.4450675194655542
-0.9961591986508864
-0.29113696844069
0.2135399933254345
0.2323920851345871
-0.20403034307420742
-0.03582093922543833
-0.4530158866868978
-0.6844544469895425
-0.5576042077252787
0.030338647221643367
-0.05035420617455438
0.022127246395565348
-0.12923303883945053
-0.8135768660304555
0.11981458561657155
0.3566468590735895
0.658982459525511
0.8227628117914441
0.8548764703362668
0.6955671154129791
0.7859133249048142
0.7123639976609153
1.003562242330843
0.9992579903623371
1.0655590019103491
0.8698961155190055
1.0956256096941954
1.041951837713109
1.0845571192693062
1.0833417947122297
1.4467515127646666
1.6290709819628424
1.3467956434655661
1.5591230373728309
1.5997293722454484
1.2184984979550464
1.6746614670834012
1.4303457177049872
1.1499726326341637
1.1420450838318963
1.0773402580941223
1.1191374129442118
1.0291596214502767
1.408523886282227
1.3901415549522358
1.6142167807389238
1.588023618846267
1.0977321235861133
0.25979932410051665
-1.4968282690482657
-4.305044731365211
-2.8404826093771582
-3.3187033239891424
-1.4772795049480436
-0.15217121060737124
0.14286510099464816
-0.10543589759408423
0.4038832272928845
0.41561122674529705
0.5467199479716227
0.4858315947329531
0.35268167026793684
0.013629845300605847
0.13290034725057848
0.016776526390811675
0.3816111705106564
-0.04179104108254217
-0.38107839365526597
0.16463170194803356
0.13454857389523656
0.4849401947742734
0.42312656422945216
0.4169370824465438
0.4062317183963585
0.6771578179125308
0.8148350250089
1.0155713988824315
0.9974332808778996
0.5637501216167013
0.7563841513956402
1.2310594275081614
1.1516493042269602
0.8617256174950978
0.7102722195354525
0.7133843596430343
0.9588980535502301
0.7981393967700563
0.9961860275461825
1.0863788894622852
1.0574495065415042
1.1072972708964017
1.1167469402932895
1.2402938958365193
1.0337787667622658
0.5787282352572993
1.109551260035771
-0.7192002057837401
-1.2258701963795469
-0.743854863232697
-0.4646249447345502
-0.3428540174104705
-0.06342824009992162
0.48804126567154715
-0.04115943678567674
0.8379769995406319
0.8529114713837889
1.1134909677342433
1.2649776031242275
1.345150476140548
1.2602419898206523
0.49724080398055615
0.5786262849940421
-0.17322332337511273
-1.0470248293907818
-2.999266461956384
-2.4511821512842333
-1.023764807558695
-1.8908292103649207
-3.3521828020412148
-1.7646463275770619
-1.1706382581198325
-1.720766939054768
-3.1655759574872473
-2.559440036649529
-1.7127967930199595
-0.7684333627149214
-0.21196538750090685
-0.152852642801759
-0.060344770393703756
-0.3542540807282431
-0.64640845802692
-0.1787475220826421
0.35053935777448064
0.5896698273676617
0.8327228900467887
0.7661982262820128
0.9409244119814895
0.8407016524313691
0.8543109796026571
0.42159453363383737
0.603961390535792
-0.14311266979957582
0.24445025320999325
0.4995050334671549
0.2057918260414321
0.5227612393773418
0.6870127456989834
0.8052676676406259
0.4299963226821215
1.2202483217010327
0.8183686240430272
0.9000212596207315
0.2565970248211088
0.5268633165019241
0.28255269365779867
0.19096606551528061
0.09593285824588177
-1.5797661628022066
-1.0410922619096363
-1.1960626852593905
-2.355233705447956
-1.2018058674621428
-0.6804000080790378
-0.43292193325952943
-2.415180235791836
-1.0311279026450522
-0.898631058763174
-2.467629461023404
-0.7190528713403526
-0.23032013977445215
-0.46067261835785467
-0.32532358002766415
-1.0202480000458087
-0.9705987033449144
0.0743372071077475
-0.4993097737840806
-0.9777285553826742
-1.8181580473353347
-1.3861603565952663
-1.5443930966208779
-0.5373832133626351
-2.552174948333046
-1.2532613005184796
-1.3910049681681682
-1.6751509088264218
-0.10507293982940114
0.8905873504331425
0.9598575097694957
1.1401963286024888
0.92141039743091
0.6976310706179977
-0.08411975092148152
-0.733881727690729
-0.6139312229091518
0.21919749035072444
0.9315214280592157
0.8156236542889583
-0.5620086324029349
-0.5742873841999314
0.31801676484730845
0.7232572969577196
0.9344089461318372
0.9033184816144535
0.977004337258685
1.1793423444611097
0.7724952897523656
1.2862229988324054
0.9157609144716428
0.9174484274266421
0.8133978688960171
0.9553978391764664
-0.7001895129986045
0.04995282291244918
0.684902885315476
0.9790570676329025
0.575310933424995
-0.4873544764358934
-2.9169874680626435
-2.990071839415271
-1.2688077635778616
-0.4341377455988127
-0.06836086870752645
0.19315930505921297
-0.17407200399879075
-0.053759564772558804
-0.37747262605580933
-0.24243401266537487
-0.3262869608934487
0.06950271703656308
0.5648210067668207
0.42222290943874374
-0.03255599590458219
0.4164834993637069
0.8377428208303068
0.35293510184918253
0.5670759949071953
-0.5101125482879287
-0.628986347656015
-1.3512188946948025
-1.8825724581038563
-2.552946021419027
-1.049340283483398
-1.6068275961087786
-0.6998462910094722
0.2394730485298202
0.5475924693861979
0.6085099183894648
0.37134532179179236
0.36718980371167864
0.0809699510714807
0.4371129995525026
0.7618764469905679
0.3816681887346257
-0.7993823832039885
-0.6378297416569926
-0.08483538450638692
-0.29451219370723836
-1.7416856529136115
-0.8889849794012332
-0.8341871355489251
-0.5202316205549258
0.3343911026631654
0.9320457110348921
0.7596415358152162
0.4226346664255253
-0.19168498968126269
-0.5896409842854864
0.2029371125073811
0.3456580186243119
-2.1097081316361157
-0.5900420854066135
-0.14466100386386538
-0.6373456213911357
0.20458704720462306
0.31168137276021124
-1.3205135714402167
-2.1120586948324447
-3.359021779680429
-2.5590227490915716
-1.0657633418146655
-1.0023420361579065
-1.3623083750168667
-0.8731653509679583
-0.41466636947630175
-0.23203207898136097
-0.4808070242402911
-0.13761208437572162
-0.7476955878380385
0.0009630784635881184
0.1349542755704149
0.3393167925259265
0.20351068157901686
0.1652475418214584
-0.29247177774067085
-0.3048622191131701
-0.26619597670792955
-1.3436805327904455
-0.6225468227538566
-0.5135456261502738
-0.8608225971913019
-0.20123903534529813
-0.8037265415178766
-0.8619105305357624
-0.35514983664562794
0.4163784345715207
0.6374676152637822
0.5961052540409358
0.43249702271096213
0.760918551182133
0.2381310449589521
-0.32500758509888444
-0.3887469810723125
-0.37243330306672723
-0.8679801015769597
-0.1473616252510846
0.13306851648326823
0.1610560583413237
-0.5637976126740472
-0.6698846041211777
-2.7568254281694315
-4.0958580363362325
-3.548432291780337
-3.481311859733597
-2.6746379938322358
