0.27204793230908836
0.2980435859020306
-0.07580623369638881
0.1897500280843207
0.2608143857589202
0.2802585002094102
-0.179725660401266
0.07868187677942506
-0.005485680873580858
0.2833058534231428
-0.45772435524202676
-0.42586350038671505
-0.3386989473163915
0.12156611762952255
-0.10715820434391204
0.11153600250254178
0.28621584033859204
0.46824706330920407
0.3797301534685694
0.6890448808873973
0.6344185276915134
0.6084742906197688
0.6965646665064378
0.8050937703991583
0.9542648963306015
0.7405661832464174
0.9078258357763681
0.5139067975784746
0.5003708079061715
0.33125763337383984
0.3090233965068505
0.7741712225784126
0.4559696891802945
0.6240883772005129
0.5661271496803252
0.30018221815689605
0.51553273403443
0.42771490533628415
0.38208678440623484
0.5526369287412258
0.7041999495527743
1.0301027651916748
0.591297359951422
0.3828718583900351
0.36814891968877506
0.13398549793552703
0.4186481420269553
0.47919606547903276
0.47329088645578793
0.35287016338054805
0.14726111716650986
0.06269250123274281
-0.12414649001055936
0.32961384351127787
0.013421081287193382
0.29459786130951515
0.21360868606751665
0.1888690602836645
0.715580160412821
0.6086211164571547
0.6735170308686966
0.07272388987460363
0.007454832174666061
0.09849385018771686
0.3254858628382283
-0.052998470763542
-0.100620683880314
-0.4238461357789705
-0.5508611644305224
-0.28934839026879056
-0.059652949746443425
-0.29363971576738856
-0.04195485124080193
-0.089606369412941
0.444668795875084
-0.11656760301885719
0.18576318371600847
0.4317654814214339
0.6058503290777917
0.5126650273665821
0.6013014888224404
0.7999131422893713
0.8030887891926951
0.6091589058871822
0.8840418959691136
1.0004294525304216
1.1317237669210667
1.076111690277156
1.0743344574442077
1.114817174621594
1.2713390248092296
1.0092887212609096
0.8011893824678545
0.9521523593794278
0.22745857071568792
0.2700598179463526
0.5479917053739368
0.7724567004235438
0.6009409281990185
0.5604142013203902
0.6997152198512191
0.7449894895790705
0.8351763266277248
0.7143706714267548
0.7342496593401786
0.9254978760127011
1.2621739291812843
1.1953717324638264
1.1277208384273072
1.0162417738012108
0.8925478930279044
0.847443955536123
1.152313609357846
-0.03797400376826849
-0.2519129973504099
-0.2831630096451359
-0.3028027292911813
-0.26927169794485334
-0.24943006698056502
0.2028900593722305
0.15705187691138434
-0.012228801200430439
-0.19345452617220044
0.2418969518723235
0.1331307417762534
0.15678662155987763
0.3072048464439709
0.5546861664140824
0.7484295049403915
0.3905460452037857
0.9928092763290048
1.3239081615862176
1.1627548977909383
1.0990243700102251
1.1459258992155015
1.1666305197414462
0.8905466564149231
0.7258419663471924
1.2761894997328291
0.7503035458797715
1.1435051290334657
-0.8683644334747196
-1.1671007037290804
0.32363979422621
0.781444775710362
-1.2636857586296992
0.5681964533649866
0.3897096854007645
0.7004137421062757
-2.2304297344016004
-2.7409451331072208
-1.4758702688014727
-1.1218581392793177
-2.3659671162707965
-2.0987308069960364
-2.5721966159898386
-2.5070680481532754
-2.201678349857314
-1.5376252113555338
-2.299384352581261
-2.9832810536475125
-1.7184901355261428
-0.7796146462097101
-0.13931440436743098
-0.3804047882698463
0.20384853700225666
0.6447042411970798
0.3823603250668214
0.5777043478628392
0.7923468732288176
1.1392710863869198
1.0370176061044987
0.3184992243994133
0.8710929976319518
1.101622432502714
0.8503781665354295
0.8131538394366167
1.2037150702150137
0.5895363916083233
0.9607771199604981
0.684623465485029
0.9865658362758546
0.966987833995344
0.015423851223272847
0.7881021123613525
0.8608390251211104
0.872789842437552
0.2861955700583446
0.6549067472501454
0.4740074457591462
0.7453009840061231
1.003883651942147
0.861112885685776
0.5652029166786829
0.7034364992462354
0.34866053237109806
0.14390164016070464
0.4418891694953405
-0.6824734588536866
0.08262497716480974
-0.3171123184373473
0.20444638939760165
0.3478932067829891
-0.1649631401695195
-0.413466714558038
-0.04844137241622505
-0.37043510890048825
-0.11045722900766777
-0.5439192870662188
-0.956719222714872
-2.691344238161638
-1.0555285648134576
-0.32048249181672217
0.12214233791079296
-0.2070623106466022
0.313909823463097
0.1526240707848765
0.38352752965067954
0.46244317986478733
0.34580464832875896
0.604318636541435
0.9545490030165181
-0.1350867419319575
-2.4348538226855054
-0.5317123692111813
0.8913073227695736
0.4322827776847496
0.9555680910263851
0.6240493749235952
0.2836436821260889
0.04809892732565482
-0.9954275630034459
-2.1080299441960775
-1.8862884003969447
-0.7412970792043709
-0.7790130414609011
-0.742757638432278
0.2188515939438743
-0.10439283469077329
0.10915403525855012
0.2544020777837682
0.3422372199473524
-0.6551302518420963
-1.915072956277504
-2.2754146841057756
-1.321407923757494
-1.0301573218611715
-0.7025280215201088
-0.6350757082695145
-0.2962694023781891
0.13158817289487107
0.6518864699252715
0.35668218803812374
0.07969887824319015
-0.7005462675266899
0.05781691915913945
0.4003906314595777
0.727984465585265
-0.3444633187231768
0.27246394507521243
0.19732716510513879
0.21213797586763025
0.6580498855546519
0.2324740868952334
-0.11831543799876074
0.7901829137938909
1.020456935510757
0.5897262650510485
0.3638567526148194
-0.48427992058622304
0.28834676634970763
-0.1952545070767543
0.10719551290223864
-0.10293175055842868
0.0036100057407257155
-0.8194673927877559
-0.09169709503299667
-0.7401613620981978
-1.1839794162250081
-1.3077639593636972
-0.6135256437180721
-1.2712108033202059
-1.2497567996779992
-1.4024426812987638
-1.019535405915951
-1.236358612489631
-0.5593086306602666
-0.14380202544549509
0.18652639314453848
-1.2875616739368372
-0.6831942383310264
-0.7408386686673308
-0.15783844562870036
0.4911076284352742
-0.03425677659287545
0.18747408390120468
0.18194698137305412
0.5388112361881938
0.5700085363006345
0.7809941491978984
0.29049333928580084
0.6921293676145437
0.1250085277237836
-0.7098009510757306
-1.6038748849460878
-2.613831325807717
-0.924649649957049
-2.8194670822607564
-0.4009635472323548
-2.722803993133278
-1.4537164668160054
-0.5818567421445149
-0.8865755146361962
-0.31308184614555545
0.16785105833686093
0.1513958281939707
0.41383364416328877
0.5657395838793178
0.49303980847913514
-0.00446572515544736
0.1581056516811056
0.4339181081586179
0.6550090029782216
0.9157545481059755
0.9428262378970717
0.37474133327489845
-2.2673998448472887
-0.5932679400698568
0.2620968621369827
-2.5715668140152976
-0.10514362073225228
0.12993792559020984
0.27848359760521146
-0.06968841396675673
-0.2307608307566702
-0.21768069700694637
0.17602223728408872
0.2720826712263217
0.27432770345566476
0.14945415113284377
0.17504289583299357
0.16044279203457334
0.630425756040158
0.7167961589787069
0.40376100908452145
0.6464216480229837
0.785160825823897
0.35001678341491044
0.45700369375749217
0.24810291626103823
0.12726670753440808
-0.19192221743653515
0.30794467883194776
0.5876817088506388
-0.5296838390511066
-0.7129392681374865
0.18377390172011113
-0.57405669049362
-0.09520858171201436
1.06093822041288
1.2388281999422226
-0.4912590417027735
0.2437708502294368
0.45238179300633213
0.20638489368997584
0.7316056541843451
0.544900359736615
0.3199616277775764
0.22217712575889442
0.6162581049859854
1.5800180990381314
0.2966349357301643
0.4880909532851576
0.521758416633086
0.7064811468088095
0.7842337401468847
0.7964604366218432
1.0804483529992872
0.8828492560113815
0.16998952757356817
-0.31229744064436843
0.39700744993247017
0.4675480496170496
0.676854040074007
0.5984994811124534
0.35003410328767437
0.5706578232161118
0.8971748369297703
0.6829408033918792
0.6899346891773435
0.6910435275752308
0.3291778961587281
0.5313025782657352
0.34754710327795296
0.6865532861775252
-0.2489337620404927
0.42007733451273593
0.718251212042571
0.6742802887417538
0.48207271083517167
0.20119295618649616
-0.9190211521127777
-0.16773050355181948
0.29637575232818764
0.5655953682524058
-0.13322251082185846
0.025197330282856263
0.00322993064416165
-0.24468967872322248
-1.9875148254598531
-0.9577508702332089
-0.4082120299484762
0.25647130456824035
0.2793358149876983
0.0895781143663435
-0.6413377090644228
-0.4428674369699343
-0.10136172549777529
-0.07404664838428157
-1.8489490961468031
-0.5877247817260286
0.35383292676228784
0.1704037267895161
-1.3563650139888017
-1.0623918798036371
-1.409866459330615
-1.234099482037006
-0.6670172821796619
-1.1282236765621882
-1.475350292422767
-1.694113450209671
-2.5068532893651887
-1.5813437253396616
-0.5980845316425044
-0.22672819122574614
0.086680792275558
-0.3935363274926248
-0.4368226579760011
-0.9783585751941081
-0.6992211560630058
-0.3082068298099028
-0.9676832433827925
-0.5189414875705893
-0.18537961432069444
0.21401644099300363
0.33233435785973875
0.2740520835203913
-0.6869239294490114
0.03698130613698548
0.4960881744899448
0.7685250465106962
0.6033722082376581
0.7821666990509177
0.7339840788163182
0.5106507556117119
0.7106777683135035
0.4160327964729442
0.6282719359378337
0.32914095922712083
0.26419091600162714
-1.011722683100249
-2.036339056501546
-1.3811636581401459
-1.490999243009401
-1.6746348514066447
-0.8752530283564655
0.003149254312521322
-1.1102357344210279
-0.5860075972236636
-0.724830527455672
-0.8841825721651345
-2.546820830738783
-1.572192590965747
-0.5839436915229785
0.10303815318829533
-0.3349182099173524
-1.6550294577245306
-1.0095671580980659
-0.9260753274173883
-1.9998344924427505
-1.8096905019488534
-1.5005039630980912
-2.4511942968604625
-2.4694485920533333
-1.1392568265732075
0.08023449019089679
0.25584248967337997
0.012252636444050398
-0.24452123555954414
0.24234154968862
-0.4060119768880045
-0.2037642509791439
0.3511085079020681
0.44515258829266185
0.37191451228334305
0.6555440191734596
0.3477097977466728
0.5324254814111963
0.49303588148207417
0.3950664867971287
0.6503619695348242
0.05752174491774055
-1.7144176340312562
-1.0793082597514292
-0.8978844992516863
-0.0787432354899179
0.016818392627232403
-0.8298353821375002
-0.7554699393683633
0.32463768132814935
-0.34534673845177355
0.4379280634443876
0.6306352644259614
-0.3463265584908331
0.5607336864207403
0.6786863364081324
0.8914572512124576
1.2483903255189501
1.2122198624757234
1.0001133500530504
0.7658971637602667
0.879269081230438
0.38291667347492636
-0.27763315912596415
-1.9363784698585174
-0.7719695255381531
0.08441996007819186
0.601135693038726
-1.6599925623294514
-0.5287174442103604
-0.2959102890880374
0.08918434062500416
0.2821882008918223
0.08709538180394308
-2.0107091420796763
-2.5803925355425763
-0.4638041013575659
-2.0995024163519793
-0.8423993915651498
-1.8783587400300823
-2.700634677944432
-1.136802746745121
-0.5833639686973945
-1.0941173202499759
-0.17085937109301785
0.2963995101155904
0.3124442162636045
0.015287588421866815
0.37508758079834387
0.3959103901061168
-1.5693480110189324
-0.6709751679483911
-0.04841131739449038
-0.631495838969303
-0.7880259393501977
-2.1709632472435083
-2.4368418018126325
-1.8286536862021356
-0.8894348405581277
-0.47251045011849646
-0.33677206705630397
-0.2694707078498555
-2.240950627567116
-1.1986237816785876
-0.25331951092808963
0.00595172425483452
0.15069553308671416
0.3026845559346243
-0.14850747080739882
-1.0747512553615326
-0.8296922562561488
0.17899211389314165
0.4963603616597605
0.311263706192202
0.4031741128161218
-0.2408402297154118
0.28928534573746334
0.002358162605135961
0.03503259073854897
-0.20974047082361977
-0.5092107081750711
-1.6626849243659267
-2.0601786310738825
-2.63262545145833
-2.529198177584236
-1.3038390564553632
-0.7096550896333054
-1.7444414506090797
-2.1762204930703843
-1.3844123516648117
-2.0377479029779373
-2.1550015258532125
-2.02014844055349
-2.1964631217495545
-1.717259199531628
-0.08746499451998191
-0.7803095687641112
-0.5270792542111429
-0.3978415493954536
-0.9995531934707346
0.33976700637819557
-0.11648434212146064
0.15887299648434025
0.797708121303697
0.9280663470103083
0.44543775848747486
-0.37928844518222565
-1.1472472214011478
-0.6433747714396175
0.013567667421628488
0.12394529855029601
0.05837482619220636
-0.4304647266482735
-1.551694055798999
-1.952415874245828
-0.7891940408450535
-1.0749621360150727
-1.0574562524274835
-0.7818449716896998
-1.9258616251131468
-2.3127467795164405
-2.449854176057124
-1.1262848134410253
-1.207504935744295
-0.766889601492718
-2.022901353209985
-1.3302695451225606
-2.427091120840818
-2.555660386432196
-2.620896244473807
-1.130764723414947
-1.2621882551007628
-1.8308241262750613
-1.7362830838498609
-2.2391284909870053
-0.7480718156100927
-0.05945435230246031
0.31380465312254413
0.38821981608431216
0.20348826579244886
0.24657142359744694
0.24101213470630395
0.1678455297698407
0.25875176074406153
-0.6183581488928307
-2.8911514502529974
-1.3618108136155471
-0.5754745644450022
-1.0374335019642156
-0.9113772830586764
-1.01753252881634
-0.15606521750139807
-1.2661277126027974
-1.3262893215870484
-1.2599684255569283
-2.2027267986328822
-2.559211007363678
-2.4283772965873447
-1.9157755635930538
-0.9337816325293375
-0.4780390683099315
0.13488574326419545
-0.14820838210787068
-0.0029740972011664518
0.21150828094267887
-0.7748597826599228
0.05088110276958171
-0.33605153293593265
0.43641937445821527
0.1289311397063353
0.5201606239162303
-0.16610986283545123
0.39928588487649164
0.4661013937647768
-0.06032748853780241
0.2244904482925007
0.3178794093822583
0.3065678430331175
-0.46411222111224143
-0.03876893872694121
0.2128985042884678
0.27805121132282035
0.3834073455608855
0.2812927026478909
0.14414024886986201
-0.4673186189164639
-0.3997348108733682
-0.33374187549783296
-0.23681319008257493
-0.2683403157086423
0.30543482133388783
0.42703312990614034
-0.24654295832795076
-0.5117440511491089
-2.183904788905652
0.3374697060937247
-0.09093019009954395
0.33696072713545044
0.1876983703382862
0.1536181207120931
-0.7035183347562545
-1.1311138306732826
-1.094443097522982
-0.21355938848491096
-0.40106831870937976
-0.06711970251018644
0.14119838625774628
0.41310174514897674
0.2867303409312934
0.08377815681428204
0.19106755621341298
0.1769040278692591
0.19409538436393878
0.06350687071441684
0.2593956241669693
0.24404984689960807
0.32343026361606275
0.19070920070006736
-0.31876840306498455
0.11792688861037971
0.32326272092244396
0.09918705913710259
0.11744642108792888
-0.08082811370907494
0.30323127812879896
-0.3508171612138274
-0.0726582927397806
0.16809008663128008
0.16250036180117575
-1.0351322684279007
-0.4478100016084687
-0.4241105226351116
-0.08250700542280742
-0.12303561932055868
0.004554862173698234
-0.042215186251892564
-0.0101400726633523
0.10200248708184456
-0.5970320671643763
-0.9132513531747737
-0.505960959936817
-1.5908627837152576
-0.22651535614936638
0.5238412750376793
0.3197588761980915
-0.23970417736330504
-0.6635730634586683
-1.047124825503883
-0.36864055677714125
0.0425430606866485
0.1711359168259749
-0.1855237021399733
0.10877282186804418
-0.49910731084264787
-2.6941916408491853
-1.6187427341426388
-0.7913207447261266
0.10563075308283028
0.07146251221404532
0.3003753380752967
0.17284052911926628
-0.30672982841676916
-0.4543902594199137
0.10263011526061704
0.20102711652585215
0.08344045821298321
-0.806800247337964
-1.1866962589159047
-0.3079124265494663
-0.40625947923299743
0.036135309976561995
-0.041787114283949954
-0.5080374184317945
-0.24045680074338044
-0.38393582223849526
-2.30105689676398
-2.6589189553032377
-1.7738928233843236
-0.21544366359860095
0.22116803294666543
-0.4590763947077593
0.29019338040201925
0.28367937831429685
0.4113324321825079
0.13929901080427118
-0.5789075537444849
-0.6074145152368687
-0.08778735529313794
-0.7033241249788096
-2.2359574773604414
-1.2290127104501998
-1.1172294109056127
-0.5808066022105879
-1.7723061538205793
-2.206958587471697
-2.0001392359824255
-2.2358688528199937
-2.2913670034753117
-1.4526433198002027
-0.2228652852802197
0.23510060204029617
0.1688282191197083
0.370766316555892
0.23665094220371397
0.2149081211990816
-0.6996142117413319
-0.6808825640095094
-0.23380931811864786
0.00023157366446205363
-0.45303016836246124
-1.9467678924965
-0.5835075043386648
-0.10592576320027938
0.13303615422193066
0.5548221168770603
0.3805103226433337
0.29632260853972914
0.4595138486169333
0.6266168602411402
0.821179893002331
0.6480182300569431
0.256677361686034
0.49886104727726827
0.6741186219939161
0.842921127942742
0.07032286882205893
0.16647501623615962
0.4163228719943655
0.3190015533921951
0.4345621227888076
0.3475127160693832
0.09728290170481353
0.48591660494268846
0.4477181983784187
0.01601791780437502
0.39127030652336797
-0.09994533815986265
0.20583341406995553
0.10413332585384256
-0.15363412407826982
0.34793723618024164
0.6198867847611733
0.5506087393551782
0.21150378903349723
-0.39397435553554017
-0.12452800884487185
-0.6401261832528923
-2.4280472191800486
-2.426912303415411
-1.1652274162815104
-1.161944448255177
-2.162359246725895
-2.5316178757093892
-1.0198965195974448
-0.2590135790691661
-0.3127717471009919
0.07401814726950025
0.4864239442190141
0.2264541768374687
0.16177177428942496
-0.8093733291753648
-0.7991785684404478
-0.36166468915055644
-0.21414744742492947
-0.37795274658465844
-0.2791152617881157
-0.692621145887808
-0.06092910422949436
0.004255506582359381
-0.9399735199331007
-1.4790689908698964
-0.9557773036014622
0.25512565993621816
0.10367116981374717
0.13049632375690087
0.540429315736294
0.6911529022846082
0.1796597645859955
-1.5945350105086618
-0.4552066186685472
0.07457292619227984
-1.5621388660711089
-0.47804170098207194
0.2963683086747327
-0.1113188398546923
0.223578719234845
0.030247722004970733
0.06857000395440513
0.31339631570285614
0.13889059040494126
0.17517316694029997
0.12601484744345218
0.2715855227933531
-0.05828064625965682
-0.0577851676520905
-0.17564171175661752
0.090889491511295
0.09470360555363981
-1.5626833498572101
-2.44239878729809
-2.7392800140874685
-1.3020403580631872
-1.3386323068348178
-0.2480956170352842
-0.25543479454376594
0.22191718434271943
0.1798990840006199
0.04452321257671647
-0.0341095488809053
0.06742696090873343
0.06279235420010477
0.18166502864818299
-1.0938368878958624
-0.42929914149450793
-0.5304786099035264
-1.0619420031015863
-2.2949485724166876
-0.7521857953214932
-0.29905200109293684
-0.8764121485249333
-0.6105076275219897
-2.19338546463239
-2.4863870214805255
-1.4363982880258062
-0.3649317202622159
-0.6170474637708339
-0.09818690755641171
-0.6652719831317468
-0.4115024577453525
-0.12819849891111793
-0.039029960119897775
0.041467338727250086
0.2199000154899869
-0.9644548079048839
-0.213845085320518
0.1797299962534107
0.1162392866343607
0.39752745674699314
-0.19551111238931881
-0.3098744153639558
-0.4245706158682566
-0.7848307489032903
-0.43597741279367924
-0.34446986038302096
-0.18578167902770554
-0.464112041182787
-0.2906269782646417
-0.1798576784272171
0.19595790952606584
0.642017730169857
0.49156218576856836
0.557447281167487
0.3735142580364531
0.7886230341836676
0.5198213302945013
0.19977446882108416
0.1839752803663929
0.1430516069102847
-0.8154408823913132
0.06904417521544222
0.039975043321294104
-0.13098491408678678
0.3330994232934487
0.37620213083655446
-1.3580360247638557
-1.9063139585254472
-0.17779401763468816
-1.2781832374253672
-1.6375236779220532
-0.6340874991733311
-1.060759015273137
-0.9123087669943613
-0.26916773568238883
0.07794607940144409
-0.2929910992337316
-0.4981740212058024
-0.6854979559470818
-0.4325443365006877
-1.912903451677093
-2.4092969970962357
-1.2594652541852172
-0.2504758938509517
0.274492998083103
-0.20019544290659116
-0.008828192411279807
0.08815079457662012
0.4066248972018014
0.2522053478063611
-0.360067948674709
-1.483111755869545
-0.4236530827627987
0.12594516199442143
0.08545662129883154
-0.013199286143084417
-0.837353155109167
-0.2573031570570237
-0.35011526773702506
0.20309745831799159
0.1719167415656147
0.14378783101130363
0.21962571901556202
0.22002033788299127
0.1729459038221102
-0.27711075406440183
-0.5074419853217761
-0.3379108069573289
-0.34905217218883994
-0.1709243388280405
0.021852181769272363
0.29481263310307826
-0.013193747393211191
0.2796393442154852
0.7302882724905081
1.022962403756135
0.8035093034083839
1.0089539752067826
1.1256983585502183
-0.45496401894586064
0.4299337975304279
0.36734071742677343
0.5184163083692515
0.26276401964718976
0.21422178410559276
0.3820229080183863
0.05242146915153912
-0.09518478361921259
-0.5704494432388261
0.1523013798447538
-2.460988797666106
-1.5573441338403418
-0.3466359824172681
-0.44274871440354424
0.2246675558685212
0.30075276007144724
0.48576285932645696
-0.8595141847647728
-2.2575058113487896
-0.7229284168425847
-1.9147969042310191
-1.7522139192405948
-0.4393832485184123
0.14400631020351795
0.3744031825630993
0.23436377595329408
-0.024010494419657195
-0.8579384692845117
-0.16327692849201975
0.28423888173869555
0.3171601536094751
-0.022682719275688712
0.3148074848499493
0.5208349831892577
0.32167201593896805
-0.39848489664807246
0.1433872785573743
-1.2145171005485416
0.011357697699779727
-0.00027578499707353685
-0.16915074831047705
-0.6189644535243156
0.29774672230942933
0.4606462688101911
0.023889200120875045
-0.7156315831820257
-1.4258825893718252
0.44914091458141864
0.6734432575493028
-0.3957346453228434
-0.4143988503306258
-0.08684518351154721
0.3419204537511363
0.4904398972601485
0.5063199751492939
-0.6242766357513517
-0.5809276336293027
-0.4463912742606194
-0.17666133467891743
-1.661602290644089
-0.49317577900531884
-0.44333348868975136
-0.0034158965649196023
-0.06486171846635945
-0.6084764249382575
-1.0670141750177369
-0.12477744667844969
0.39335718737622877
0.23165260714739666
0.2048997484856027
0.6241793327387283
0.9063399547611904
-0.30321194338652807
0.22370988155856855
-0.3599922739190535
0.05065054081337301
-0.6420398285935739
0.7098096818863333
0.4335385046468983
-0.28237930150130136
0.0491626101376421
0.16835477622463224
-0.033239336556450894
0.1051509060955034
-0.6291828945799383
0.5698893770701439
1.1250047017247573
-0.012037564766226548
-0.6918217670116403
-0.8623810652210229
-0.8844558191857985
-0.4111359281434459
-0.9890753424755404
-0.01955047272475034
0.050205923264745704
0.15952954944682063
-0.10486886872893988
0.3218527771339244
-0.5824476290579426
0.3009516336171533
0.047493665548420314
-0.5429087509867742
0.22260107486943792
-0.15717628631024144
0.3832761714829183
-0.1656850916084977
0.9011921224285178
-0.40320548602517664
-0.672218391418353
-0.05648107595289287
-0.04347933355566218
-0.06793011934065737
-0.3150653674542035
-0.4985523306695284
-0.23295667657682784
0.14017214736680295
0.16494158057573965
0.6195100320776881
0.5730539159403513
0.1403608776416542
0.536869551291189
0.7553077524773556
0.9690322115127525
0.37094282896988323
0.5108765894777308
-1.0292871797705254
-0.03068450266814718
-0.8675898052675616
-0.402000008829708
0.1983266127933953
0.29419399840331334
-0.26773362151941366
-0.5128975355481666
-1.5176471901881474
-0.32956583953421803
0.028494164741075505
-0.05812469167881884
0.14595419871399914
0.3329736413975046
-0.15355147841032527
-0.2755254525430982
-0.11717405295261674
0.29223504485838186
0.042688526154817004
0.26637625941793003
0.024932468350434465
0.9357855952060258
0.8751865573138563
0.8488275824706081
0.8639563343473255
-0.42199992028351213
-0.4515272222292364
-0.7050420760076328
0.011062561518960328
-0.5568137127504935
0.13580072970311413
0.45311444285911917
0.8987574053906873
1.1374660247082973
1.0075976715681152
0.9832133924981559
0.21745519541332853
0.7398083476764981
0.7426508157475074
0.5987165209913443
0.3917496001223431
0.21484415897650885
0.20559963997535097
0.06358890766742854
0.3337761342783802
-0.582539348832131
-0.32037573612258374
0.1264212451220931
-0.6686885202904953
-0.47439779983622654
-0.5734523563970959
-0.4308845556563376
-0.8369018017354984
-0.27652487552686417
-0.21825797023036972
-0.0841359680071293
-0.10617536329429574
-0.1712264784162533
-0.16469106227290845
-0.03944108703194355
-0.4725230539629397
-1.3641618856398712
-1.7283315546258233
-1.126234049780519
-0.8946957854860723
-0.6306788029694534
-0.2721571419049154
-0.5551689595407723
-0.49440467424465695
-0.46309181627735235
-0.32272739270186074
-0.0534392928648392
0.08813672365353883
0.193279704709588
-0.006338985203352502
-0.058205470526277295
-0.12050712041669165
-0.30009628507256725
-0.40530755463465473
-0.5603512841337059
0.30070943873015415
0.5182345418481569
0.34045648252025035
0.4309521566033015
0.3844620392727165
0.1310053531720147
0.2707232384516978
0.04420350558591316
0.4157396552490803
0.5548383796626948
0.17738965053663988
0.2766206226821506
0.30538433907392687
0.1602150494786115
-0.5476759210107196
-0.6839611182608407
-0.19027020609220252
-0.7492816615647853
-0.3217971561189737
-0.2783371492798193
-1.5903206817495794
-0.8700974406643607
-1.8658020403374225
-1.8644246465023542
-1.9345258335819298
-2.26227432088944
-1.9455781177338538
-0.5921130530040521
-0.03469881425840011
0.1144688609290645
0.10970137005137676
0.052092034713281096
0.1882055472309622
0.4518802899900799
0.5655368302862559
0.1642417011555392
0.1630368192975935
0.12924646497768508
-0.008937851373767697
0.059734384942620865
-0.3719802820093011
-0.3644382597479879
0.025730130568691063
-0.01855174072631968
0.16208232653779822
-0.8155319736864858
-0.42585332837671225
-0.40313869149128373
0.13379329280610472
0.24138701007529104
0.24442634575059813
0.5025946009239441
0.21159969908088794
0.1290466598531424
0.329718213954364
0.27270759520671045
-0.06415633269706619
-0.035303535647833444
0.2645681230900854
-0.5295392790431185
0.08945304679869509
-0.35876644360129745
-0.10393996578212145
-0.7521187520932539
-0.3009708574331924
-0.46577884988940954
-0.9838640603403341
-0.2806580720009278
-1.3222690864962092
-2.0462268946869044
-1.3435241549262424
-1.8281250252045496
-1.3054173313743107
-1.5101223379084578
-2.4312393839783377
-2.29659517417263
-2.413812777092889
-2.5009525519601667
-1.7751369212054704
-0.6741300433996277
0.21495022781503864
-1.4486907555537292
-0.6816521608731466
-1.3573269475822671
-1.9541850827607614
-0.9386791626691572
-2.2688794559095964
-1.7634818209756569
-0.8827164189878592
0.06901096557421645
-0.594421172942399
-0.9672373934814171
-0.8515425780745655
-1.6680023879704207
-1.7676491332981192
-1.4833803571963735
-0.9575917458252208
-0.8000707292699641
-0.45361828843818247
-0.15162539320284854
-0.14766140887417586
-0.15858367270001086
0.24320821570129125
0.5455858475747417
0.6890486778812795
0.12823946723187954
0.1055193171016538
0.07674701917870398
-0.21304019277774794
-0.08609036343604008
-0.10859007908233541
-1.5097963162618857
-1.6271267020691829
-1.0636503457408906
-0.34144130427817915
-0.5566697705780159
-0.2964133449534425
0.24148819415706158
0.3497393437764085
0.3578070661732883
0.41343180799559115
0.4252152432404965
-0.9442521849418729
-1.4566722776377197
-0.450655553031436
0.03515216698696961
-1.1341605198234215
-1.0312834964321023
-1.0541525673827226
-1.82306331213931
-1.8113525774556116
-1.35771293562055
-1.341000195269668
-1.1487774166727909
-0.8900773269530708
-0.626167221314286
-0.03358537028211563
0.2610992250875846
-0.5145077216077691
-0.733643286701613
-1.2624109461204882
-0.9133394933887138
-1.2610032193872958
0.15790609172342823
0.14640823000829523
-0.613257988566208
0.15451888571611586
-1.0454642728928507
-0.16660406822019502
0.4203618502814072
-0.8432600702197371
-1.1193811635110082
-0.5925613677354097
0.02720719891373203
-0.6972388695956724
-1.6556794679738118
-1.2503014641032653
-0.71227986112766
-0.5959267391824972
-1.0314938317672901
-0.524202698072423
-1.2781399841076213
-1.8952777369284302
-2.3493685503404484
-0.7486866753490091
0.014844895599147184
0.2747329062442961
0.6733526370159173
0.17125104323558615
-1.108545284577254
-2.109821787544147
-2.5151556861512576
-2.680325992545973
-1.2490846725172051
-1.3111654447435173
-0.9798672393848957
-1.0306860011053531
-0.7845529505212491
-1.7298530258464282
-1.1255597964209796
-1.6423588687379815
-1.5562459275076435
-0.23114432902531815
-0.04361946456383632
-0.05270802035579464
-0.4394992124565415
0.03474014793578095
-0.8440561543781914
-0.3869696240228986
-0.12450361577614617
-0.6414606754528847
-1.331424455950192
-1.5046071619808323
-2.280789574603052
-2.086810741870581
-1.9650799038446614
-2.2022390513306243
-1.4919785090388822
-1.0960787820354438
-1.1278578945965332
-0.6931453598377297
-1.2701395527889099
-1.001012531220359
-0.15400415341426274
0.18682040374708903
-1.2056929221841066
-1.812785155991939
-2.0272148962023073
-1.9013930278123987
-1.3112057883966894
-1.6880147791288103
-1.9048297847017055
-1.8192143675722412
-1.9321676631159046
-2.2920175532303837
-1.9189957714517971
-1.9074968027997312
-1.7460848860788065
-1.797122549028974
-2.133382672851797
-1.8084216003515794
-1.7238483767679456
-1.020101376100256
-0.6022680221104103
-1.1374476924764017
-1.7152486228671857
-0.4064580191196857
-0.28173956065787603
-0.018811698799947086
0.2770127204251183
-0.1666912851415746
0.2057057944745409
0.5766940325123854
-0.03414532174811319
0.3612409836483313
0.87030264903089
0.40328528475078523
0.9176079758939371
1.1838848445758399
1.1471772108328813
0.6681338449017027
0.7950219222283792
-0.1881818257400171
0.242826049746126
-0.6340543817859754
0.4269465691330741
-0.19006737450568809
-0.03352788770915556
0.15611471939360796
0.6450717726620016
0.47524527513910964
-0.04065102654489242
-0.2823205207539778
-1.2376285090179633
-0.3093407485181626
0.4958134424861161
0.09262999021216284
0.15240549991937133
-0.18223858976104476
0.29395045233344447
0.6959411459780288
0.557011073862417
0.5836846874188892
0.7909542202273433
0.6522664477145192
0.6692136926176294
0.1295303437733825
0.8336565508615226
0.8388080185830921
0.7205283339496285
-0.7540674479769289
-1.427040429296326
-1.6905302245817513
-0.860472285155643
-1.1677547582739423
-0.38714604960451937
0.4322050705884071
0.4613047453942575
0.3945774518532094
0.4677757710133875
0.13163522686011045
1.1094961251421942
0.943655141289865
0.5266710466728398
1.1014743523857582
0.6436522543002621
0.6025749344617201
0.7248985824078655
1.1766888606486756
0.7641433645226854
0.43058608153095473
0.682457822988168
-0.5417290147766652
0.10574448555612224
0.7066220623747925
0.7258945380694072
0.5224124976186405
0.5383585897865933
0.3972084307086956
0.40965948552758374
0.44025047774963705
0.40277884939752306
0.2728699923443369
0.8046654840950846
1.0496942188570193
-0.27873997232438297
0.7208493942749966
-1.1758314034908786
-0.2935932745233402
0.5338260166329643
0.9697296017463727
0.8214919883061971
1.046225231677273
0.8642624624690013
0.029238490156072106
0.4671349885977743
1.2664461343156443
1.3820963773153059
0.9633055317911895
-0.024993011624115935
-0.9637929839158766
-1.7420672388618694
-2.1562890714976235
-0.5361676354603622
0.7280433433426442
0.871111851230689
-1.0219694842495746
-2.1540653040146482
-1.6174045489253712
-0.3543573781760275
-0.45267411328921225
-0.4036254725712869
-0.3031263822046147
-0.33219324911111375
-0.1913736797922681
0.32475271873430617
0.2450051947276497
0.40637915956572357
0.25310770807386945
0.39196289890199676
0.498777947749455
0.3956174726139003
0.606540696087895
1.0033494839062012
1.094541452854268
0.9864240617156502
1.1721715690298464
1.2978293189918457
1.2100673895452818
0.053473750239717115
-0.15959344647732515
0.33498137179872217
-0.9988331524860786
-1.6720233658894825
-2.5597436688263517
-2.6621342738267058
-0.8632407354560784
0.13959050557543168
0.6254257130739455
0.6693399984592584
0.7510301356506266
0.7026204381983332
0.7051380824251642
0.8281949553270272
0.7412315352067042
0.7520307132211362
0.6125687302055447
0.3129051703599502
-0.07032449428195564
-0.9987197817610504
-1.5467243014917345
-1.9494362806270669
-1.6071520481899066
-0.9715133294301593
-0.9196046729850761
-0.83991996048291
-1.7467423529203343
-0.9106893329858881
-0.09185851704543832
0.2594662369242757
0.7090754807121138
0.7432210550106434
0.14849971834429251
0.1461986190603837
-0.18661754495092417
-0.28239815517847844
-0.08768606604516677
0.32379453715997275
0.3072232633268427
0.49940741128267596
0.23798457907048357
-0.2989402944946334
0.45778845011619096
0.7031585906151407
1.0292931063860788
1.1661548323820663
1.287254398914907
1.3883928215604202
1.2893407265510866
1.3060226978312175
1.355587526190305
1.4417805116429816
1.4761436513156707
1.1926549322191782
1.8024553872102127
1.4008071777367128
1.5109714864990174
1.4988839648882863
1.7331799740320197
1.5720620562337537
1.5605593905997681
1.504940593217034
1.6862147367947102
1.2055226177281861
1.6710586847394213
1.3446247312288058
1.2955225224438898
1.2908331808211804
1.2571877770784898
1.4704816128960085
1.6096532345040258
1.7315155227695957
1.5926320641349518
1.7780444944920717
1.418900451188723
1.1955124899217542
-0.11830549053571039
-1.8064720006193917
-1.9855653517226617
-1.3953203166999883
-2.4513372958587327
0.39405428240847995
0.6885507150630243
0.7851156537774717
0.18201330595989654
0.4851964265744494
0.7504973366436368
0.7127421678597362
0.8664254470473823
0.12445949703377869
-0.020601354563234132
-0.15530989570124296
-0.05177432828298228
0.30942558115664237
-0.3712642064923643
-0.3350071896794626
-0.1475152871512245
0.6287880919148849
0.8235627088637952
0.06828003211422357
0.25176650544791934
0.21633138862024015
0.9071569643587019
1.0433217873844884
1.270457306936295
1.304565989785864
0.3662520123307404
0.9688919663388962
1.294574302681732
1.2611579898159657
1.341702075019335
0.8786194948086562
0.6723772774034416
0.86676462008287
0.9931480350215951
1.1614418343060935
0.929032908438659
1.2318080472910575
1.2433059518692708
1.253309955199837
1.3249681314171748
0.33912146069096044
0.8341703971604794
1.1643587742340378
-1.1137330047760974
-0.9870465440273016
-0.8045685577578549
-0.13661008408827657
-0.4693308838433894
0.11663832360315021
0.4159100780660124
0.2072000263153862
0.8447357386133495
0.8008617853936226
1.153428500324412
1.437689638909257
1.6226652773582817
1.2984452626932015
0.6418106341378477
0.2700756097222996
-0.5239434309085232
-1.4633025019180357
-1.7919591533742851
-1.832731421805747
0.11740493680230493
-1.8016856280881821
-1.8181097846032521
-0.7727306227081802
-0.6538675218896424
-1.1417990119701245
-2.594781708489873
-1.965274798611133
-0.9824678223051845
-0.5572510537400781
0.009608090191773156
-0.0237947407069058
-0.10274718956202651
-0.415745212701686
-0.7045960832873636
-0.0771190739882008
0.3188352957299342
0.732059170667498
0.6792471559113341
0.8472785622074978
1.0350768691196048
0.9375507253723409
1.120232939684848
0.14440934950517828
0.321342625910198
-0.485488286114658
0.027497444331702592
0.26160991190327243
0.11293236350055776
0.19297852823541847
0.8375662892810464
0.7604896670227672
0.12121375432417998
0.9075005637083203
0.687642302792103
0.614164596025243
0.12401030000429894
0.13156415934937493
0.23923513754196804
0.12580513624411724
0.2946891117823039
-1.3866791345134868
-1.2342080731785379
-1.7189749781409305
-2.1535131514580828
-1.2240989911505205
-1.0861704772434515
-0.5013827683103346
-2.2018180728900254
-0.8697384693606159
-1.0937470853257671
-1.8593132515958668
-0.27606676430367083
-0.04361131829699259
-0.2888685285237857
-0.29361428945494733
-0.8649246086476082
-0.5971879806253008
0.060498083561278705
-0.7474216851416726
-1.3886216219281744
-2.004263214075505
-1.4843057433011966
-1.5647510192938685
-0.3979143786963566
-2.3488414424036725
-0.7178105952293489
-1.4448125658501292
-1.3467718294836262
0.11848911297390974
0.9020295622160668
1.402221485165001
1.5001613310222566
1.3389710884432213
0.6775489544024529
-0.15037300134300033
-1.0078129452991935
-0.507735015490811
0.38201896862023965
0.8267797860772496
0.6490513850285665
-0.9087757515576815
-0.26747272517274817
0.4593162989941575
0.6249087224069181
1.020971952425887
1.0998141119425509
1.052557840936682
1.3247265715330123
0.8829919569857356
1.3442887625720397
1.1040756815492752
0.6014819915747538
0.7463690016974455
1.0459311168137846
-0.5705350161657288
-0.36706670377715434
0.2074668814287613
1.1438624938272135
0.36137589565095357
-0.624769942098682
-2.707448023496807
-0.9614414564698991
-0.09233629987713964
-0.5036803219728512
0.9553993944210506
1.046868170827979
0.7211913669238084
0.1094350998039942
-0.04869829881612204
-0.23464417855912942
-0.6525233859637107
0.0886325958225608
0.6115184645957223
0.938082389861826
0.4107791348386064
0.765139357720127
0.6450548868126674
0.7606887427809216
0.21276515618783182
-0.8620253935886593
-0.5958209074000036
-1.4335332691445333
-2.0716352989134763
-2.4765013126079323
-0.6600342897651936
-2.2511574883813483
-0.4111867427725781
0.4625479353874024
1.068896527317319
0.7629263590120751
0.1482708252779685
0.7257310509313688
-0.1577472039964945
0.3953253958037595
0.6187612440015079
0.4515125651849538
-0.8911077606751139
-0.4341695136469191
0.05901646753049395
-0.1857767796629976
-2.792364731027349
-0.6171872472364013
-1.5434535421741902
-0.2898962227396496
0.47644930212652814
1.2202157237563493
1.3076305250481122
0.6898963825913639
-1.1781091083685087
-0.5219526677006256
0.5781625059182203
-0.18055756015633492
-2.048221318267347
-0.30816180117412795
-0.5820811795675419
-1.1733688366021318
0.3111381300670705
0.22738168940306597
-1.794005459959843
-1.9495419771914864
-2.559305198818156
-1.9450619486855705
-0.9393279271017699
-0.8799577304997523
-0.5417210148529228
-0.2519732464766136
-0.5471956618920953
-0.40555760070460095
-0.3594570230870299
-0.09290744100510903
-0.5355901712397023
0.1066644892331007
0.05061262385283741
0.45557696665099706
0.5595583640228898
0.15966581998779464
-0.6155083709700553
-0.0021197557082047016
-0.4949253305008018
-1.3664376970135963
-0.39908510283429655
-0.5588812349172236
-0.5882611662954472
-0.0849709249468575
-0.7235172224718869
-0.4361132824480679
0.13135514488519
0.7600448410898792
0.8698950096477173
0.876907890190233
0.8272482080133374
0.9365832159729824
0.09670418267311792
-0.13865572939030027
0.07087257488678503
-0.41077452135038006
-0.5197048974395134
0.08068636459814951
0.33955626279124995
0.16473448524363335
-0.40358205329119123
-0.17396401235478332
-1.3922449458485877
-2.5108284371593332
-2.364017417624713
-2.396010302024865
-2.5145456947800433
