0.19422999999999999
0.11785999999999999
-0.1284
0.07696999999999998
0.37851999999999997
0.2034200000000002
-0.11733999999999999
0.07905999999999998
-0.08715999999999999
0.1092
-0.5078499999999998
-0.5950000000000001
-0.35651000000000005
0.20460000000000003
-0.25083999999999995
0.2755199999999999
0.25648999999999994
0.30849
0.3323
0.6252800000000002
0.4754399999999998
0.51113
0.7083399999999999
0.73752
0.85403
0.7269000000000001
0.8296900000000003
0.4364100000000002
0.35919999999999996
0.29858999999999986
0.07127999999999998
0.4505100000000002
0.34766999999999987
0.50136
0.5219900000000002
0.28223
0.7182800000000001
0.38113000000000014
0.39229999999999987
0.4790099999999999
0.52632
0.9227
0.6386699999999998
0.30849000000000004
0.40499999999999986
-0.08101999999999998
0.39467999999999975
0.41287
0.47210999999999975
0.38029
0.16830000000000006
0.04938999999999999
-0.23059999999999994
0.26094000000000006
-0.09412999999999996
0.34100999999999987
0.3071999999999997
0.12457000000000003
0.6623999999999997
0.6239899999999999
0.5693599999999999
-0.08512999999999998
-0.07160999999999995
-0.00974
0.17622999999999997
-0.21697999999999998
-0.16013999999999995
-0.40212000000000003
-0.5338099999999999
-0.2916
-0.0880399999999999
-0.23383000000000004
-0.07153999999999996
-0.12063999999999986
0.42014
-0.1626299999999999
0.03714
0.5062399999999999
0.5505599999999998
0.45845999999999976
0.4890500000000001
0.72328
0.7073899999999999
0.29134999999999983
0.7947200000000002
0.8271600000000003
0.9709399999999994
0.9148999999999999
0.8682700000000001
1.0101399999999996
1.0514900000000003
0.8906600000000003
0.7430699999999998
0.7937299999999997
0.02493999999999999
0.31074999999999997
0.5433200000000004
0.61346
0.5632199999999998
0.5764100000000001
0.7321
0.6824500000000002
0.7000999999999996
0.66097
0.66399
0.7914600000000002
0.9773299999999995
0.97658
0.9756599999999999
0.8436100000000001
0.7444099999999996
0.72978
0.9761800000000003
-0.24955999999999992
-0.5615499999999999
-0.4012899999999998
-0.46601000000000004
-0.36666999999999994
-0.08629000000000003
0.10895999999999996
0.18988999999999998
-0.17765999999999996
-0.30412000000000006
0.16822000000000004
0.04974000000000001
0.24759000000000003
0.42323
0.6053400000000001
0.8194000000000002
0.48333
0.8534100000000001
1.01572
1.09812
1.0864399999999999
1.0882900000000002
1.1462199999999998
0.8675700000000001
0.6847999999999997
1.15557
0.7520599999999996
0.9147899999999995
-0.9028800000000007
-1.3573300000000001
0.3186399999999999
0.7055400000000002
-1.3115700000000003
0.5649199999999999
0.25522
0.7416100000000001
-2.248659999999999
-2.4857299999999984
-1.4471400000000003
-1.21077
-1.76018
-1.8371000000000002
-2.4870799999999993
-2.08892
-1.6654499999999999
-0.8753799999999999
-2.34051
-2.62218
-1.5309899999999999
-0.6638600000000001
-0.04420000000000004
-0.06164000000000001
0.34711000000000025
0.6565800000000002
0.52004
0.7323600000000002
0.8602099999999999
1.0729899999999997
0.7678300000000001
0.36091
1.03716
1.1212300000000002
0.9584400000000002
0.94194
1.1234499999999998
0.48394000000000004
0.9993099999999993
0.7943399999999996
0.9521399999999993
1.0543499999999997
0.01307
0.6473800000000002
0.7430800000000004
0.75481
0.1164
0.7087000000000002
0.6310700000000002
0.7328299999999999
0.8945000000000002
0.77193
0.50403
0.6513499999999999
0.32164000000000004
0.048590000000000015
0.3617000000000001
-0.7048899999999999
0.09032000000000001
-0.27603
0.12218000000000001
0.32005
-0.3004600000000001
-0.4180299999999999
0.009000000000000001
-0.2768800000000002
-0.13035999999999995
-0.47082
-0.8673100000000002
-2.31623
-1.06899
0.045259999999999995
0.14612999999999995
-0.22940000000000002
0.21170000000000003
0.25671999999999995
0.25941
0.39775999999999995
0.30697000000000013
0.57669
0.9567599999999998
-0.25468999999999997
-2.5201000000000007
-0.48488000000000014
0.6350700000000001
0.27229
0.85753
0.38481000000000004
0.07188000000000005
-0.09026999999999998
-1.2451299999999998
-1.8714200000000005
-1.4739400000000002
-0.9642500000000002
-0.8263100000000001
-0.9153899999999996
0.11658999999999999
0.10336999999999998
0.14262999999999995
0.32880999999999994
0.48278000000000004
-0.53279
-1.7310099999999997
-2.2350599999999994
-1.1957799999999996
-0.8995200000000001
-0.42737999999999987
-0.6866500000000001
-0.11678000000000001
0.2452199999999999
0.8183199999999999
0.15317000000000003
0.32128000000000007
-1.0502400000000005
0.09320999999999997
0.2854299999999999
0.4591500000000003
-0.4648799999999999
0.3672200000000001
0.29884000000000005
0.45454000000000006
0.8115199999999997
0.3635399999999999
-0.22748
0.9230200000000001
1.1646400000000006
0.52971
0.4438199999999999
-0.21869000000000002
0.4466800000000003
-0.15031
0.18827999999999995
-0.0012700000000000053
-0.31461999999999996
-0.66559
-0.12188999999999997
-0.6093100000000001
-0.9727600000000001
-1.1054900000000003
-0.5295899999999997
-1.0164600000000001
-0.9863800000000004
-1.0794199999999998
-0.8247
-1.0740800000000001
-0.6403300000000002
-0.3000999999999999
0.15147999999999998
-1.08395
-0.53533
-0.5477200000000003
-0.10166000000000003
0.60066
0.09227999999999996
0.2664800000000002
0.33286000000000016
0.7330099999999998
0.8287000000000003
0.8633800000000005
0.44734
0.7003799999999998
0.21515
-0.8568600000000004
-1.37798
-2.2529199999999996
-1.0010500000000004
-2.7302399999999993
-0.43128
-2.6596500000000005
-1.4222500000000005
-0.4321599999999999
-0.72036
-0.13188
0.30358999999999997
0.2603999999999999
0.36986999999999987
0.45751000000000025
0.49399999999999994
0.23638
0.13410000000000002
0.2579999999999999
0.6630999999999997
0.7592
0.9476399999999999
0.4252100000000001
-2.36782
-0.6038199999999999
0.2496699999999999
-2.6650600000000004
-0.20893999999999996
0.10938000000000005
0.17047999999999994
-0.01688999999999999
-0.13557
-0.25654
0.08470000000000003
0.28173999999999993
0.40629999999999994
0.28995999999999994
0.27172999999999986
0.22424999999999995
0.6150699999999999
0.8211100000000002
0.48333000000000015
0.7172699999999999
0.8058699999999999
0.4454100000000001
0.5321000000000001
0.34759999999999985
0.3252299999999999
-0.10868999999999997
0.22719999999999999
0.6357600000000002
-0.89581
-0.4320000000000001
0.16948000000000005
-0.46747
-0.16140999999999997
0.9847399999999997
1.11951
-0.5750699999999999
0.12259999999999995
0.5368800000000001
0.18431999999999998
0.6430999999999999
0.6736900000000001
0.39807000000000026
0.15052
0.7140700000000001
1.4756099999999999
0.39710000000000006
0.46453000000000033
0.7437399999999998
0.70084
0.7880899999999998
0.7058000000000001
0.9492700000000002
0.82166
0.23558
-0.3402799999999999
0.38458
0.5949100000000002
0.6861100000000002
0.7783
0.3492199999999999
0.6421499999999999
0.9379300000000002
0.6610499999999998
0.7288499999999999
0.72907
0.40556000000000003
0.5532300000000001
0.4721500000000002
0.7603399999999999
-0.40639999999999993
0.33928000000000014
0.6460600000000001
0.6676399999999998
0.5211600000000002
0.12400000000000003
-0.8981400000000002
-0.20002000000000006
0.33645
0.57499
-0.20240999999999992
0.08421
-0.15962999999999994
-0.29154999999999986
-1.7121300000000006
-1.2702399999999998
-0.45343999999999995
0.09595
0.3038500000000002
-0.03023000000000002
-0.6714
-0.43615999999999994
-0.2476499999999999
-0.2723399999999999
-1.71582
-0.41346999999999995
0.26491000000000003
0.19417999999999988
-1.4266200000000004
-1.2046999999999994
-1.4218899999999999
-1.3114299999999994
-0.7997999999999997
-0.8877999999999996
-1.3305
-1.6720800000000005
-2.3476099999999995
-1.60577
-0.82959
-0.3821899999999999
-0.13033999999999998
-0.52343
-0.51056
-1.11203
-0.6558999999999997
-0.0010699999999999909
-0.8165799999999998
-0.7315500000000001
-0.15210000000000004
0.027920000000000004
0.6162200000000001
0.3459500000000002
-0.6913800000000002
-0.09255000000000002
0.5027699999999998
0.6496999999999998
0.7519600000000001
0.9486000000000003
0.7232000000000002
0.7691199999999998
0.7978299999999997
0.36206000000000016
0.6261499999999994
0.23073
0.2019499999999999
-0.8816199999999996
-1.46535
-1.2304299999999995
-1.2555299999999994
-1.5945500000000001
-0.9175200000000001
-0.09529000000000001
-1.0063099999999998
-0.6772399999999998
-0.7138700000000001
-0.6731399999999997
-2.424360000000001
-1.4555599999999997
-0.6251600000000002
-0.09177000000000003
-0.34496000000000004
-1.5294299999999996
-1.0595099999999997
-1.09939
-2.0709200000000005
-2.16005
-1.3343899999999997
-2.2052300000000016
-2.3359300000000003
-1.193649999999999
0.057109999999999994
0.26133
0.12422000000000008
-0.25175999999999993
0.36243000000000003
-0.14093000000000003
0.07038999999999998
0.5278899999999999
0.46757999999999994
0.2962500000000002
0.61288
0.27312000000000003
0.5912499999999998
0.4801900000000001
0.47458999999999996
0.5988199999999998
0.31654000000000004
-1.4737899999999997
-0.8226699999999996
-0.5949499999999999
0.11786999999999993
0.2743
-0.78636
-0.5678
0.35334999999999994
-0.07071999999999999
0.5608600000000002
0.6494199999999999
-0.21926999999999994
0.59373
0.60307
0.80352
1.0466099999999996
1.20338
0.8854000000000002
0.6657599999999999
0.66959
0.4957900000000002
-0.15298
-1.58876
-0.9222400000000003
0.23976000000000003
0.68349
-1.4921000000000004
-0.7764600000000002
-0.37234
0.16156000000000006
0.45738000000000006
0.24118000000000006
-1.5942400000000003
-2.5057
-0.40996000000000005
-1.6197999999999997
-0.7665100000000002
-1.6833500000000001
-2.59565
-1.0498199999999995
-0.35618999999999995
-1.09529
-0.2983999999999999
0.2894599999999999
0.21167999999999995
-0.08733000000000002
0.017919999999999988
0.49705999999999984
-1.0079
-0.5893099999999999
-0.19258
-0.35273000000000004
-0.6479799999999998
-2.1958300000000004
-2.4853800000000006
-1.6173800000000003
-0.7669199999999999
-0.60971
-0.22790999999999997
-0.3530100000000001
-2.2269200000000002
-1.3721
-0.26472999999999997
-0.06745
0.05046999999999999
0.25364000000000003
-0.17073999999999998
-1.2253100000000001
-0.8547600000000002
0.02870000000000001
0.4024699999999999
0.18425999999999992
0.20971999999999993
-0.39783999999999986
0.12480000000000002
-0.0019099999999999907
0.06336
-0.17254000000000005
-0.6100199999999999
-1.59271
-2.3173700000000004
-2.4700399999999996
-2.4646399999999997
-1.2233999999999994
-0.76414
-1.6126499999999995
-2.0053099999999997
-1.3992299999999998
-2.05735
-2.1346899999999995
-1.9942199999999992
-2.11963
-1.8740799999999995
-0.11603999999999996
-1.1204399999999999
-0.3736399999999999
-0.22079000000000004
-0.8273999999999998
0.14568
-0.004970000000000002
0.3322099999999999
0.7809399999999997
0.8213599999999999
0.34581999999999985
-0.052100000000000014
-1.0854299999999997
-0.37669
0.0565
0.21299000000000004
0.17351000000000005
-0.45553000000000005
-1.3667699999999994
-1.9883800000000005
-0.7029500000000003
-1.1598699999999993
-1.1598899999999992
-1.0673499999999998
-1.9073000000000007
-2.25301
-2.43388
-1.4467800000000006
-1.083289999999999
-0.9657600000000001
-1.917950000000001
-1.4514900000000004
-2.078560000000001
-1.7104800000000009
-2.015510000000001
-0.9748600000000005
-1.1773399999999998
-1.24435
-1.2562900000000001
-1.8985200000000009
-0.6326899999999999
-0.03863
0.3896299999999999
0.4277600000000001
0.2674000000000001
0.3296400000000002
0.33630000000000004
0.26330999999999993
0.37489000000000017
-0.5999499999999999
-2.67252
-1.3790300000000004
-0.5685600000000002
-1.1069899999999995
-1.074799999999999
-1.0513599999999996
-0.5060000000000001
-1.1534000000000004
-1.1990399999999997
-1.0216999999999998
-1.8349200000000006
-2.43203
-2.30852
-1.71035
-0.9180300000000001
-0.43917
0.09224000000000004
-0.14704000000000003
0.20406000000000005
0.3358600000000002
-0.70028
0.005119999999999998
-0.22749
0.5239699999999999
0.14290999999999995
0.53387
-0.01580000000000001
0.4159300000000002
0.53768
0.09206999999999996
0.26563
0.32976
0.42024
-0.3759100000000001
0.02858999999999999
0.24905000000000002
0.39302000000000015
0.4644899999999999
0.5227199999999997
0.14867999999999998
-0.20740999999999996
-0.35057000000000005
-0.38699
-0.47964000000000007
-0.29132
0.36916000000000004
0.4822899999999998
-0.14151999999999998
-0.56175
-2.192760000000001
-0.03482000000000003
-0.29423999999999995
0.11947000000000006
0.08501000000000002
0.13437000000000002
-0.8786399999999998
-0.8942899999999997
-1.0304499999999999
-0.15446
-0.47936999999999963
-0.005810000000000004
0.20800999999999992
0.3792000000000002
0.3097500000000002
0.2617799999999999
0.3563699999999998
0.25160999999999983
0.29661000000000004
0.03847999999999998
0.29333000000000004
0.3025699999999999
0.4037199999999999
0.20812999999999995
-0.23429999999999995
0.24666999999999997
0.33925
0.27552999999999994
0.25148999999999994
0.04436
0.5049800000000001
-0.12034999999999998
0.10987000000000005
0.3188200000000001
0.2691
-1.02557
-0.3102599999999999
-0.42253999999999975
0.08338999999999999
-0.009330000000000003
-0.07652999999999996
0.13666000000000003
0.07766000000000003
-0.13601999999999992
-0.52386
-0.61765
-0.37589
-1.2277599999999993
0.004109999999999988
0.49053
0.3701100000000001
-0.19417999999999996
-0.5672299999999998
-0.8601899999999999
-0.42025000000000035
-0.13800999999999997
0.17635999999999996
-0.13716999999999996
0.13024999999999998
-0.36535999999999996
-2.47808
-1.4396399999999998
-0.6846000000000001
0.08134999999999999
0.14431999999999998
0.34316
0.1475
-0.09951999999999994
-0.18065999999999996
0.09086999999999999
0.19929999999999995
0.12322
-0.6344100000000004
-1.07821
-0.27727
-0.37445000000000017
0.13355999999999996
-0.029609999999999984
-0.26129
-0.15688000000000002
-0.22095000000000006
-1.9503299999999997
-2.4450200000000004
-1.4426499999999998
-0.30694000000000016
0.042099999999999985
-0.36144000000000015
0.31668999999999997
0.3720900000000002
0.45597999999999994
0.15904
-0.47594000000000014
-0.51823
-0.20367000000000005
-0.7201699999999999
-2.19726
-1.03964
-0.8272700000000001
-0.8796199999999998
-1.9954900000000007
-2.31575
-2.0481499999999997
-2.1488100000000006
-2.306779999999999
-1.5371500000000002
-0.31155999999999995
0.046150000000000004
0.07785999999999998
0.2471699999999999
0.18698
0.14994999999999992
-0.46797000000000005
-0.6379600000000001
-0.2103099999999999
-0.05776000000000001
-0.43827
-1.2663799999999994
-0.71447
-0.13868999999999995
0.17118
0.45258999999999994
0.45497000000000015
0.32948000000000005
0.4849399999999999
0.6490699999999999
0.8857399999999997
0.6829799999999999
0.37395000000000017
0.6441
0.6439300000000003
0.8331199999999999
0.035269999999999996
0.3598200000000001
0.43829
0.5463
0.3745500000000001
0.4409400000000002
0.23645999999999986
0.42022
0.45279999999999987
0.20054999999999995
0.41986000000000007
-0.1734699999999999
0.23595999999999992
0.23940999999999996
-0.060219999999999996
0.3975099999999999
0.5184699999999998
0.5457500000000001
0.08198999999999998
-0.31486
-0.05704
-0.6421600000000002
-2.1095900000000007
-2.306289999999999
-1.0831499999999994
-1.2553299999999987
-2.2365600000000003
-2.4043599999999987
-0.9464600000000002
-0.02810000000000001
-0.14048000000000002
0.19349
0.26659999999999995
0.23454999999999998
0.18272
-0.7570799999999998
-0.8582399999999997
-0.09481999999999999
-0.05473000000000001
-0.23820999999999998
-0.008640000000000002
-0.5116200000000002
0.015769999999999985
0.06677999999999998
-0.8802199999999999
-2.1704400000000006
-0.9567700000000002
0.24531000000000003
0.15940999999999994
0.21565000000000004
0.3717000000000001
0.58786
0.25579
-1.29785
-0.42821999999999993
-0.0069900000000000006
-1.610800000000001
-0.25182999999999994
0.18311999999999998
-0.04446999999999999
0.24117000000000005
0.08339000000000002
0.08735999999999997
0.38055000000000005
0.2683
0.23731999999999992
0.029189999999999983
0.33957999999999994
0.09173999999999996
0.21001
-0.2958299999999999
0.09616999999999999
0.22102999999999995
-1.5597999999999996
-2.3569999999999998
-2.42788
-1.2406999999999997
-1.0180600000000002
-0.14443999999999999
-0.13052999999999995
-0.010109999999999997
0.032389999999999995
0.03540999999999998
-0.12244000000000006
0.09874
0.15545
0.17193000000000006
-1.03886
-0.34743000000000007
-0.37529
-0.7939700000000002
-1.7763600000000013
-0.6404
-0.13874000000000003
-0.7848099999999999
-0.41947
-1.8213700000000006
-2.3640299999999987
-1.1246699999999998
-0.38598
-0.46935000000000004
-0.18745
-0.5642
-0.42221
-0.23667999999999995
-0.017640000000000013
0.08765000000000005
0.007710000000000006
-0.9876499999999999
-0.27303000000000005
0.14848
0.10368000000000002
0.18816
-0.18273000000000011
-0.34942999999999985
-0.3857599999999999
-0.5053500000000001
-0.38545999999999986
-0.33325999999999995
-0.29971999999999993
-0.68305
-0.07260000000000001
-0.09560999999999999
0.35327
0.7931999999999998
0.62433
0.7443
0.5488199999999996
0.65118
0.45720000000000005
0.21156999999999992
0.17120999999999997
0.25519000000000003
-0.4480600000000002
0.24624999999999989
0.11527000000000004
0.2238399999999999
0.4254099999999999
0.5052099999999997
-1.3897700000000013
-1.72149
-0.030989999999999972
-1.2503199999999997
-1.2768399999999998
-0.5532199999999998
-0.8367199999999998
-0.6797300000000002
-0.14656
-0.13445000000000004
-0.19747
-0.48362999999999995
-0.56288
-0.4393
-1.5250499999999994
-2.3064400000000007
-1.3860899999999998
-0.07437000000000002
0.19546999999999992
0.22827999999999996
0.2813800000000001
0.3405100000000001
0.4837599999999999
0.46113000000000004
-0.07024999999999999
-0.8343000000000003
-0.13895999999999994
0.4409799999999999
0.22973999999999997
0.18591000000000002
-0.6679400000000002
-0.1728399999999999
-0.12347999999999998
0.23782999999999999
0.3987299999999999
0.10253999999999998
0.4685399999999999
0.37333000000000005
0.10269999999999997
-0.13840999999999992
-0.46250000000000013
-0.38275000000000003
-0.4428600000000001
-0.26417
0.017589999999999998
0.14970999999999998
0.07899999999999997
0.45537000000000033
0.5753499999999999
1.05901
0.7239899999999997
0.9535099999999999
0.9283299999999997
-0.40776
0.5129400000000002
0.46706000000000025
0.5797600000000002
0.15861000000000003
0.11874000000000001
0.2145299999999999
0.11298000000000002
-0.28133999999999987
-0.3337300000000002
-0.03890999999999999
-2.4180299999999995
-1.586420000000001
-0.32890000000000014
-0.18505999999999997
0.24587999999999993
0.3681499999999999
0.37095999999999996
-0.7259000000000002
-2.3247799999999996
-0.61128
-1.56596
-1.1522299999999996
-0.44713000000000014
0.10711000000000002
0.35801
0.17601000000000006
0.040569999999999995
-0.9252199999999994
-0.1565199999999999
0.07517000000000001
0.09356000000000002
-0.002109999999999997
0.26242
0.5695099999999997
0.22468999999999995
-0.33680000000000015
-0.0022400000000000007
-0.9511799999999994
0.022719999999999997
0.15702000000000002
-0.24936
-0.8540499999999998
0.2524
0.2777599999999999
0.1425300000000001
-0.9144900000000002
-1.0660000000000003
0.43521999999999983
0.7405799999999998
-0.59527
-0.35558999999999996
0.056870000000000004
0.3505700000000001
0.6003999999999998
0.4776
-0.90901
-0.28615
-0.12611999999999998
-0.27514999999999984
-1.3426299999999998
-0.19753000000000007
-0.3842300000000002
0.16288999999999995
0.05606999999999998
-0.6323300000000001
-0.7938300000000005
-0.24832
0.32066999999999996
0.19380999999999993
0.25342
0.8055700000000001
0.9110999999999996
-0.36557
0.19647999999999996
-0.5635800000000001
0.08134999999999998
-0.3357099999999999
0.6760100000000001
0.20804000000000009
-0.6111699999999999
0.10204000000000002
0.07604000000000001
0.06183999999999999
0.28870999999999997
-0.21784999999999982
0.5882399999999999
0.9387999999999999
-0.014610000000000022
-0.5811799999999998
-0.9521599999999998
-0.9778500000000001
-0.5635299999999999
-0.9094399999999999
0.00459999999999999
0.06385999999999997
0.15514
0.24694000000000002
0.05285000000000001
-0.36117999999999995
0.141
0.12406999999999999
-0.10492000000000001
0.36446000000000006
-0.08561
0.45783999999999997
-0.07730999999999999
0.74003
-0.30915
-0.5946600000000001
-0.0036200000000000004
0.08635999999999999
0.14855
-0.06180000000000001
-0.5003700000000001
-0.08223999999999998
0.18028999999999995
0.29372000000000004
0.62681
0.6269799999999998
0.14638000000000004
0.6219599999999996
0.7869499999999998
0.9393900000000002
0.32877
0.52353
-0.9751199999999999
0.06743000000000002
-0.7661199999999998
-0.1994999999999999
0.09376000000000001
0.30194
-0.06741
-0.47166000000000013
-1.3000700000000003
-0.5929200000000001
0.06791000000000003
0.03718000000000001
0.16860999999999993
0.3100999999999998
-0.09453999999999999
-0.15155999999999997
0.11211
0.19397000000000006
-0.21441999999999997
0.40224000000000004
0.12138000000000006
1.1150099999999998
0.9123800000000003
0.9737200000000005
0.8581
-0.19417
-0.29552000000000006
-0.34489
-0.09389999999999998
-0.29808000000000007
0.39662
0.5506199999999998
0.8396200000000001
1.1832799999999999
1.0593099999999998
0.9279600000000002
0.21130999999999997
0.8203900000000003
0.7111
0.5009
0.29133999999999993
0.2930200000000001
0.15837
0.09646999999999999
0.32547000000000004
-0.4206999999999999
-0.27210999999999996
0.14402999999999994
-0.3942799999999999
-0.39275000000000015
-0.46651
-0.35635999999999995
-0.65854
-0.25982000000000016
-0.19810000000000003
0.08109000000000002
-0.000370000000000002
-0.20195999999999997
-0.20745999999999992
0.12757000000000007
-0.3200699999999999
-1.3236699999999997
-1.5011000000000003
-1.0105200000000003
-0.9299800000000001
-0.3762600000000001
-0.29646000000000006
-0.46043000000000006
-0.4901500000000003
-0.57658
-0.39007000000000003
-0.012639999999999998
0.004529999999999997
0.20998000000000006
-0.02653999999999999
0.00466999999999998
0.027110000000000002
-0.37498999999999993
-0.3654899999999997
-0.5888099999999998
0.28492000000000006
0.42595000000000005
0.33928
0.42265
0.4576799999999999
0.1691799999999999
0.28725
0.28983000000000003
0.4198700000000002
0.44620999999999994
0.19515999999999994
0.13879999999999992
0.26897000000000015
0.16116
-0.2767599999999999
-0.35169999999999996
-0.12329000000000001
-0.43634
-0.3422
-0.012620000000000004
-1.3335999999999992
-0.8357000000000001
-2.03986
-2.13745
-2.18447
-2.3089599999999995
-1.9657199999999992
-0.5353500000000002
0.13935
0.1676800000000001
0.23905
0.26347000000000004
0.31808
0.47797999999999996
0.5105599999999999
0.28204999999999997
0.13932
0.23037999999999992
0.12420999999999995
0.3378400000000001
-0.23263999999999987
-0.17867
0.26355999999999996
0.2612999999999999
0.19727999999999987
-0.5327199999999999
-0.15494999999999998
-0.08020000000000004
0.26082000000000005
0.4146399999999999
0.4848899999999999
0.6159699999999999
0.4873599999999999
0.32836000000000004
0.5054599999999998
0.32612
0.2071899999999999
0.061789999999999984
0.2151799999999999
-0.6670099999999998
0.0028399999999999957
-0.09652000000000002
0.006649999999999987
-0.8421299999999998
-0.5679899999999999
-0.18300999999999992
-0.9784399999999995
-0.27975
-1.26661
-1.6805800000000002
-1.3345799999999999
-1.9426100000000006
-1.2643300000000006
-1.18703
-2.43673
-2.4552799999999992
-2.443899999999999
-2.567209999999999
-1.6606499999999995
-0.8162500000000003
-0.24203999999999998
-1.3293099999999995
-0.4492599999999999
-1.925320000000001
-1.70536
-0.6368
-1.8367400000000003
-1.3270100000000002
-0.6566000000000001
0.20432999999999996
-0.5232600000000002
-0.6777599999999998
-0.6292700000000004
-1.3928599999999998
-1.3646599999999998
-1.13239
-0.7485299999999999
-0.96374
-0.54987
-0.28811
-0.22564
-0.18435000000000007
0.31468999999999986
0.49724999999999986
0.58331
0.00887
-0.00826
-0.027070000000000004
-0.27914000000000005
-0.22057
-0.24595000000000003
-1.7363400000000002
-1.8626900000000006
-1.1157199999999998
-0.25177
-0.47443000000000013
-0.38785000000000003
0.15897000000000003
0.2658499999999999
0.43418
0.48256
0.21184999999999996
-0.9523900000000005
-1.2137599999999997
-0.6592100000000002
0.11621999999999998
-1.0799699999999997
-1.0711899999999996
-1.2656899999999995
-1.9094300000000002
-1.9426100000000002
-1.213119999999999
-1.2467899999999992
-1.1815799999999996
-1.0852199999999999
-0.6988199999999998
-0.16075999999999993
0.18346
-0.3880300000000002
-0.7193800000000001
-1.2138200000000001
-0.8974199999999999
-1.2070399999999994
0.10361
0.01912999999999997
-0.91491
0.17694
-1.0732300000000001
-0.11640999999999999
0.4328100000000001
-0.9557200000000001
-0.9663099999999997
-0.69581
-0.12729000000000001
-0.7588800000000002
-1.5709000000000009
-1.0876299999999997
-0.84467
-0.8253199999999997
-0.9813899999999998
-0.7966899999999997
-1.1312499999999999
-1.6958599999999993
-2.4341999999999993
-0.9003699999999997
-0.15217000000000003
0.28253999999999996
0.6292399999999998
0.09733000000000008
-1.1331000000000002
-1.80384
-2.12096
-2.4655199999999984
-1.17815
-1.3266900000000004
-1.18803
-1.2807299999999997
-1.10888
-1.8670600000000008
-1.2668999999999995
-1.7402300000000006
-1.4713600000000004
-0.15982000000000002
0.3683900000000001
-0.04855
-0.17834000000000005
0.30354
-0.7595399999999999
-0.1672199999999999
-0.051409999999999983
-0.40411000000000036
-1.1546599999999998
-1.3331899999999999
-2.418300000000001
-2.119520000000001
-2.2531100000000004
-2.37088
-1.9062900000000012
-1.06969
-1.13191
-0.6322199999999999
-1.2168900000000002
-0.92086
-0.05368000000000002
-0.13491999999999998
-1.2443899999999997
-1.39356
-1.5470599999999997
-1.98369
-0.67196
-1.4445900000000007
-1.9088199999999989
-1.5607300000000004
-1.9659999999999993
-2.081749999999999
-1.97196
-1.60855
-1.4283599999999996
-1.5981100000000001
-2.0868799999999994
-1.8883699999999997
-1.2730599999999994
-0.5836399999999999
-0.54198
-1.1629099999999992
-1.7207800000000004
-0.39570000000000005
-0.05750999999999997
-0.08611999999999996
0.05987
-0.03183
0.3245
0.6678399999999999
-0.06598999999999998
0.4716699999999999
0.9394500000000002
0.7749500000000008
1.0327800000000005
1.6316099999999993
1.5773099999999993
0.9405500000000008
0.9271200000000002
-0.016119999999999995
0.6546599999999999
-0.2611900000000001
0.5484600000000004
-0.08178
0.009149999999999998
0.31976000000000016
0.9938200000000004
0.8305700000000006
0.04775000000000002
-0.07032000000000001
-0.93513
-0.06853999999999999
0.5409099999999999
0.08095000000000001
0.21701000000000012
-0.009240000000000002
0.27154000000000006
0.7584000000000001
0.7366000000000001
0.8304900000000002
0.8453700000000001
0.7729799999999999
0.8000600000000003
0.16229000000000002
0.8730700000000001
0.8814500000000003
0.7250600000000001
-0.6900499999999997
-1.3123799999999997
-1.51138
-0.5965599999999999
-0.9606299999999994
-0.34807000000000005
0.41107999999999983
0.65983
0.21689
0.7413100000000001
0.16013000000000005
1.1287099999999999
1.2215499999999997
0.6195999999999997
1.1270499999999997
0.6742300000000001
0.7372500000000001
0.8148099999999998
1.1381300000000003
0.7834
0.5914299999999999
0.7994100000000001
-0.7708400000000002
0.20409
0.70466
0.6931200000000003
0.5279799999999999
0.2897700000000001
0.16995000000000002
0.48568000000000006
0.5170200000000001
0.5595300000000002
0.45826999999999996
0.8793300000000005
1.1094499999999998
-0.18052000000000004
0.6038
-1.1996499999999997
-0.44780000000000003
0.46447999999999995
0.9388600000000005
0.7881099999999998
1.0648900000000003
0.9798900000000006
0.05017999999999999
0.6761400000000003
1.2443600000000001
1.2849600000000003
0.8920000000000001
-0.07818
-0.82646
-1.63502
-1.8342500000000002
-0.4596300000000001
0.9757800000000002
0.7658199999999996
-1.04826
-2.1671999999999993
-1.8050500000000007
-0.5735900000000002
-0.47397
-0.7879400000000003
-0.4459200000000003
-0.8086900000000001
-0.16162999999999997
0.30318
0.14177999999999996
0.2947099999999999
0.2934799999999999
0.6097700000000006
0.73265
0.4680300000000001
0.7907900000000002
1.00935
1.0297700000000003
1.00152
1.4089400000000003
1.54495
1.2566399999999998
-0.31504000000000004
-0.05313999999999999
0.020850000000000004
-1.1196900000000007
-1.70302
-2.589850000000001
-2.7085500000000007
-1.1282400000000004
0.10532
0.6692600000000003
0.7208100000000005
0.80474
0.7470100000000004
0.7527200000000001
0.8386400000000003
0.9484099999999996
0.9716900000000004
0.7668700000000005
0.012590000000000013
-0.09144000000000004
-1.10801
-1.7775400000000001
-1.94268
-1.8183500000000012
-1.0541600000000004
-0.9691000000000004
-0.9422999999999995
-1.75302
-1.0356500000000006
0.15811000000000003
0.10450000000000001
0.7196900000000006
0.07670000000000003
0.033370000000000025
0.006489999999999998
-0.03936000000000002
-0.25621000000000005
-0.005419999999999993
0.23152
0.17927999999999997
0.51688
0.21467000000000006
-0.6007699999999998
0.3433599999999999
0.7314400000000002
1.03127
1.1505499999999997
1.2730300000000008
1.4192200000000001
1.4289200000000009
1.410690000000001
1.4157500000000007
1.2796200000000006
1.274290000000001
1.17492
1.5147400000000006
1.1949200000000002
1.4258500000000003
1.4414700000000003
1.7748300000000004
1.2989699999999997
1.7967799999999994
1.82578
1.8148700000000002
1.1767000000000003
1.6197599999999996
1.2909700000000008
1.2899999999999994
1.2095099999999999
1.178
1.3686900000000015
1.408240000000001
1.66961
1.24372
1.7922599999999989
1.2349499999999995
1.0815799999999995
-0.22818999999999984
-1.6204900000000004
-2.368039999999999
-1.9226600000000014
-2.76496
0.21594999999999998
0.53439
0.7101299999999999
0.22005000000000005
0.5954100000000001
0.7397099999999998
0.2523399999999999
0.9883799999999994
-0.19065000000000004
0.051869999999999986
-0.28109
0.08955
0.28255
-0.42341999999999985
-0.5019799999999996
0.05408999999999999
0.7042600000000006
0.8582200000000002
0.02742999999999999
0.3046
0.19036999999999998
0.8746600000000001
1.0324999999999998
1.17243
1.1509099999999994
0.23835999999999996
1.05651
1.1552099999999996
1.2281799999999996
1.2195999999999998
0.70928
0.75853
0.8837799999999996
0.9539499999999996
1.10484
0.89904
1.17387
1.1763399999999997
1.2169299999999998
1.2304899999999994
0.21481000000000006
0.8949199999999997
1.0684099999999999
-1.29311
-1.2657500000000004
-0.8388100000000002
-0.42761000000000005
-0.6919999999999998
0.15035
0.13673999999999997
0.05157999999999996
0.85114
0.85092
0.9978499999999997
1.17826
1.1964599999999999
1.18122
0.28233
0.36565
-0.6628399999999997
-1.51428
-2.2258200000000006
-1.5526200000000001
0.13324000000000003
-1.9450899999999998
-1.8689800000000008
-0.8195600000000003
-0.8826900000000003
-1.2677100000000003
-2.4714799999999997
-1.9600199999999999
-1.1008399999999994
-0.9136599999999993
-0.10657
-0.15443999999999997
-0.3679599999999999
-0.68041
-0.70286
-0.03143
0.35875999999999997
0.7659299999999999
0.9313999999999997
0.8785500000000003
0.9372099999999997
0.9756100000000001
0.9737999999999997
0.19859000000000004
0.15799999999999995
-0.3462599999999999
0.15031999999999998
0.19660999999999998
0.14708999999999997
0.25322999999999996
0.9626499999999999
0.9562199999999993
0.16094999999999995
0.9349900000000002
0.8247200000000001
0.7797899999999999
0.12528000000000003
0.21480000000000007
0.08645000000000001
0.2280100000000001
0.28473000000000015
-1.33345
-1.1402599999999996
-1.7842500000000008
-2.3013100000000004
-1.2792799999999998
-1.01366
-0.81805
-2.29603
-0.7109800000000002
-1.20186
-2.2888700000000006
-0.19758999999999993
0.059469999999999995
-0.26697000000000004
-0.20104
-1.11877
-0.7653200000000001
0.16221000000000005
-1.07015
-1.4203000000000006
-2.21222
-1.5217799999999997
-1.6650500000000006
-0.6963400000000002
-2.4160400000000006
-0.9731399999999998
-1.7654400000000001
-1.3836500000000007
0.13742999999999997
0.8921300000000002
1.2924099999999994
1.2065599999999999
1.2461399999999996
0.8243900000000001
-0.47503999999999996
-1.1533400000000007
-0.6124200000000001
0.21382999999999996
0.7455900000000004
0.3461999999999999
-1.1753799999999999
-0.3551699999999999
0.5204399999999999
0.66561
1.01901
1.12701
1.11401
1.2858299999999998
0.9042100000000001
1.18723
1.1021999999999998
0.6877599999999998
0.8137700000000002
1.0530700000000002
-0.4972899999999999
-0.3395700000000001
0.26170000000000004
1.1827099999999997
0.21112999999999998
-0.7621400000000002
-2.763549999999999
-1.0057800000000001
-0.05002000000000001
-0.9045400000000001
1.0330399999999993
1.1955899999999995
0.7307999999999996
-0.06231000000000002
-0.14897
-0.39609
-1.01791
0.001310000000000003
0.7507200000000003
0.70625
0.5910400000000005
0.7313400000000004
0.7309400000000005
0.8876500000000004
0.34631999999999996
-0.9961600000000003
-0.50203
-1.30993
-2.07005
-2.2127599999999994
-0.5746800000000001
-2.0290099999999995
-0.5293800000000001
0.6054499999999998
1.02159
0.8697099999999998
0.34934000000000004
0.6210300000000001
-0.26022999999999996
0.6155900000000001
0.7159099999999996
0.33602000000000004
-1.4995399999999994
-0.32916000000000006
0.23975000000000013
0.005009999999999998
-2.5847200000000004
-0.62564
-1.5490400000000006
-0.32700000000000023
0.6337900000000001
1.18712
1.1101299999999998
0.7203000000000003
-1.530980000000001
-0.45446999999999976
0.30574000000000007
-0.042319999999999997
-2.4900700000000002
-0.045369999999999994
-0.3157000000000001
-1.17312
0.13795999999999997
0.26844000000000007
-1.60084
-1.7251600000000005
-2.54385
-2.32251
-0.9764100000000002
-1.11077
-0.69939
-0.6194900000000002
-0.7541500000000002
-0.7867000000000002
-0.75129
-0.16046999999999995
-0.7147699999999999
0.11708000000000002
0.06387
0.53996
0.3671999999999999
-0.03505000000000002
-0.6262999999999997
-0.09100999999999995
-0.73784
-1.627680000000001
-0.4023500000000002
-0.75075
-0.7630099999999999
-0.2704
-0.9226599999999999
-0.57959
-0.0016599999999999961
0.7224299999999999
0.7874199999999998
0.88126
0.8776
0.9223099999999995
-0.08014000000000002
-0.16364999999999988
-0.03709999999999998
-0.6352599999999997
-0.55344
-0.005750000000000006
0.08034000000000008
-0.04166000000000004
-0.5186799999999999
-0.18462999999999988
-1.7243000000000013
-2.6487600000000002
-2.6303200000000015
-2.61201
-2.5462000000000007
