0.26773336289634353
0.25982781886826534
-0.07471656476955832
0.07810894176791278
0.2775796566500577
0.19688365351348835
-0.16752569267819864
0.21929137320527148
-0.0693268475175002
0.2842630234473166
-0.580483151563652
-0.5850821653198945
-0.3469232623202527
0.09714884220547665
-0.09119130420305022
0.020131548465425586
0.2780010901654787
0.3923075514092246
0.3804596706984087
0.7021243784467662
0.6803150783061859
0.7094390433479089
0.8935527805195024
0.9716995047293829
0.9225960143826205
0.8060419885678815
1.0293532551292075
0.5411514552672347
0.41093377166099987
0.28909727465875334
0.3244198199117482
0.667698795720206
0.4935682939400049
0.5646993063993392
0.5675668776119189
0.30223857888056516
0.6320264248570826
0.4814098625756289
0.5015468411526202
0.5116192576020588
0.6638662292976534
0.9423796712956699
0.6657865400574445
0.40757531544113035
0.3854316909041462
0.12773705437382288
0.49843968259227844
0.7226803286369431
0.6848747989150645
0.5234640398180304
0.3852269465458059
0.30593711234987386
-0.033453212640635
0.3481185360972562
0.15654803359034952
0.33287737159267294
0.4091320572188011
0.10398390517520523
0.8123272082861627
0.5767522029792168
0.6884494253970765
0.0971562361505347
0.08419973684132231
0.08283653021880288
0.3420983574926998
-0.07753012475582041
0.1481512469062825
-0.3517842610545548
-0.6563455471610142
-0.35790292244023053
0.07155265504593417
-0.3981972316833283
-0.07051915674083037
-0.048819171338034206
0.5339385514326711
-0.16023192643366085
0.18594065979461477
0.595334338209971
0.8257572090439745
0.7439393566350846
0.6656639558069924
0.8892759135102145
0.9445377271568324
0.6147729594389156
0.8525315769685938
1.0244156562619091
1.1651355145394016
1.0396347255138725
1.061678602904896
1.116246390907004
1.265611048572779
1.0683843942577407
0.8409228984638654
0.8251362365617164
0.22260568185145535
0.37444859918871076
0.5876357833740241
0.8074762881702239
0.8233156919561503
0.6949792400422196
0.7225725460739659
0.6553187779663402
0.8101019683732885
0.6505614960610298
0.8000700019238735
1.0717698349848455
1.217259564469492
1.0734155573577087
1.0796298729104779
0.8935248972321194
0.9097438098825691
0.8350146081394144
0.93000891419972
-0.019845224892352742
-0.3622282863780335
-0.3691137010184539
-0.3875256934950651
-0.24646435674257255
-0.14531717510730568
-0.011978995744490628
0.16435980666428057
-0.17099776395613503
-0.3409983510259377
0.14753156245581583
-0.02544987910984775
0.09018137821786526
0.3494607691306162
0.6075565495543891
0.8220957917678221
0.4429520029197498
0.9555517856460033
1.294701871407102
1.2044310693151221
1.112945943419748
1.2055569675372344
1.2679181556695478
0.7786050209482899
0.7654489339309133
1.0291022765538345
0.5843194452876203
0.79719599381058
-0.9945597642496111
-1.3981210794719403
0.12437511197151874
0.5992535773641846
-1.249972175055261
0.4175546067388408
0.1192422135935084
0.5852068665382089
-2.0846097671477244
-2.806681488071614
-1.5503066106617651
-0.998408842974953
-1.856832662282271
-1.7703308190822558
-2.496350071719685
-2.3994870268450796
-2.2368049985794882
-2.010627223598566
-2.302642942277448
-4.214157920303432
-2.3450971068279767
-0.6654426086434769
-0.18870946075822032
-0.3268442597512595
0.038448564303777466
0.5489564886244803
0.4486444035272106
0.657253763135459
0.7287751109694539
0.9068012533105868
0.793575924318706
0.32015394103458583
0.9891086097531318
1.0055860277884747
0.9547107790117119
1.0277419288018308
1.173481039636783
0.6020040976351101
1.0171075304212738
0.6306454742928861
1.1243658413829825
1.0406627834282496
0.042342772481711755
0.6150940980499043
0.6704575817341628
0.8149796238961912
0.08178362535372302
0.4823418231691795
0.37689740431930563
0.5386841908344545
0.8526321581975257
0.6890244251566273
0.35389030225714657
0.5366173917658206
0.09261916905847772
0.025204709644983114
0.10482006566294405
-1.1026066500274618
-0.1761057818954407
-0.4029629446854064
-0.12599085377035296
0.18254183779874122
-0.3808912397054277
-0.6496055535868472
0.09657512216327568
-0.2028612470954566
-0.282560351523474
-0.5783835597603155
-1.1532549062880006
-2.713481811040805
-1.5040819908775487
-0.44298146938052324
-0.02085922459457662
-0.302765182587935
0.20378135955221777
0.3482284751055148
0.23666343615200236
0.33053558274254613
0.2314509053551449
0.5498530696950915
0.7283071714378978
-0.32124136324355623
-2.1566642959581723
-0.9076942220935396
0.21637041177782845
0.04554871763787549
0.6705604164222582
0.47813147500402875
-0.03925612437883019
-0.24203706657464638
-1.025209212869536
-2.0739060761325137
-2.0036733176220687
-1.338879563416484
-0.8220161289204535
-0.6120669485628287
-0.34806097941981307
-0.304989684799232
-0.03504402690117675
0.2510669134625745
0.40353968426268494
-0.7306569931965208
-1.9325936438141218
-2.1923020198688308
-1.6499952428182088
-1.0174519885930993
-0.5197887843117317
-0.7789457284191719
-0.32454175152761
0.14630701670959034
0.450142223682761
-0.06516965282791173
0.2329358181172071
-1.0014922916042899
-0.3082732623344162
0.1927826288538943
0.3151370824077977
-0.5549910813485752
-0.052470117212174344
0.04093336790988683
0.21095113151506617
0.7254447146662085
0.21847634044418962
0.02976581747283763
0.8478729426546167
1.0054187827447278
0.46561670251147813
0.3272995209132341
-0.36889291979825706
0.3679771856933005
-0.4734668830426755
-0.07644193692674126
-0.23254652799112002
-0.39173942287595154
-0.706415300969311
-0.09211206484075538
-0.7745419357049038
-0.8522681300438008
-1.1109250098478305
-0.5351190785486304
-0.980906947005435
-0.830372857140122
-1.0194542691132562
-0.6403960170235607
-1.1462933952442944
-0.42839727400889854
-0.11833345232358491
-0.11059505909355666
-1.4874819049293553
-0.3714439503298488
-0.7277565574911447
0.21613917596385368
0.4438507943933222
-0.12650763209711335
0.18550450120318884
0.09966525682758343
0.569918471978963
0.6577322678057431
0.7573673611412243
0.3784482484712576
0.6179726144376952
0.009791319272193788
-0.7370332575189181
-1.5394160589313826
-2.3806342076976836
-1.4219614818201354
-2.488235179157358
-0.14573167048498267
-2.4815834256902285
-1.5952449758620295
-0.3460553688616263
-0.5553146348870861
-0.24180507552500136
0.2405281484384716
0.08234408798806603
0.48778040709737014
0.5119345992982107
0.4148081280575382
0.2788393986178349
0.2452292079742242
0.39789929636122057
0.6119464375688524
0.8389978862502913
1.254911926756758
0.22257442274428718
-2.221353639236778
-0.5701417679302999
-0.21892513831209925
-2.778400452037243
-0.5166086057647336
0.0805905377100537
0.2582146877064181
0.19099477058488162
-0.27379825216534454
-0.3956431709980095
0.0647126200641534
0.2669552631517762
0.251732524881612
0.19513895929609992
-0.012072483814578039
-0.21625603510444577
0.5384200826893124
0.642328949441144
0.26947935437156045
0.6045129863991869
0.6946640484334631
0.47032061070080955
0.3027346226996668
0.21786518860744675
0.25755021005565815
-0.028620355161051436
0.21994427118746518
0.5782309993858794
-0.5726991077880788
-0.5825613068332878
-0.14811187306277027
-0.6920074871074644
-0.3390064606956556
0.6792586072476149
0.8368373119666702
-0.5009699658765109
0.07794638572765306
0.45386594663680935
0.23541964324721631
0.7195524653887618
0.5238822654885047
0.316905452969379
-0.131088412686096
0.7084981082867424
1.6683311384078334
0.20356133144155253
0.522364824919329
0.71029822030952
0.8126413032758765
0.9543797611839332
0.6126065526322096
0.9102614612855887
0.7577597470699674
0.06070938462132697
-0.29614329774719567
0.1434092210058655
0.46868665712555124
0.5727066133488554
0.6257319624677692
0.04075674220837888
0.4652086976394638
0.9247243542607028
0.48625114704640904
0.6327844602472625
0.6082910318910022
0.32018086428597536
0.47088057352081525
0.3344431675941938
0.5694324590652753
-0.3220486664906147
0.2700501760879078
0.591388631631621
0.581725336385953
0.46363850254769157
-0.05530157832861174
-0.8269826789228215
-0.33925887186315473
0.13968786924830706
0.5817656611851397
-0.3424760840552962
0.01632681742357278
-0.08723916587855352
-0.4101673120135178
-1.7877803182659338
-1.7539464551372514
-0.5906645352868163
-0.25845165473505294
0.29830034678595596
0.0865981692806852
-0.6345440332668313
-0.6230174860038531
-0.17182973562387738
-0.2582801283649375
-1.7183297349507192
-0.4886526674009407
0.04314506100742582
-0.07470080125133616
-1.2338960877295824
-1.3860532083359556
-1.3283960441415168
-1.182733169600334
-0.6646687409830263
-1.1305553914547368
-1.9977351474556735
-2.2449989376616273
-2.3173252445649
-2.0187232992481494
-0.8277341186683925
-0.5044989890805731
-0.19919565216291124
-0.5100147520497084
-0.4943775717584502
-1.1119931522160993
-0.7155222740011742
-0.07729145553525701
-0.8410519705265604
-0.7166283075317887
-0.4897575666133992
-0.08813633028483475
0.32607671554882
0.047597407895655974
-0.7145128416152464
-0.4269150884499595
0.05058060915844975
0.3688676665842162
0.2570530249624362
0.35755221179296925
0.3704955855831388
0.4632983289152932
0.4000158058615164
0.25912671472202753
0.5595100595878382
0.5033452451466299
0.26235317865415175
-1.0655937058011347
-1.8787890553896363
-1.4035083901760075
-1.407080608492849
-1.7809115999419216
-1.358981374169149
-0.37008037209590455
-1.0387312225090288
-0.7567751085678696
-0.7893883434612209
-0.6906622480713442
-2.407763620846211
-1.396935203402243
-0.7404429566125369
-0.38513188826653066
-0.38208019384855607
-1.473620425439837
-1.7275254272298723
-1.2458839730948583
-1.9290319164089471
-2.240134077924072
-1.4570247161261998
-2.609769754412345
-3.324722018492687
-1.4854351012973828
-0.025961328510824222
0.03213471298046783
-0.23182504655004826
-0.4044012972561865
0.09036008943684376
-0.28117762816206615
-0.16548836066052097
0.3424180271926254
0.5043742524859685
0.470003984699488
0.6298443586189019
0.4268589840052889
0.637529083035334
0.455682700092938
0.3578640347698063
0.351538313372186
-0.11853546178238633
-1.5662947360908865
-1.1278935583884233
-0.7468102459480925
-0.345744149767917
-0.3175248494580637
-1.4295876780265386
-1.060266146926431
0.19609612735466003
-0.4484290902709259
0.349703028378451
0.5925283402096484
-0.4367666841212882
0.5040650592170498
0.5228536056636552
0.8808414599017435
1.0497406523006254
0.8175375778748436
0.8298346547045347
0.6233604234096243
0.6925680119469028
0.39546224103071137
-0.1962372864823379
-1.6974172971042738
-1.0943454852950871
0.04490574185412094
0.5594298399129625
-1.3166115934144238
-0.9458882975234599
-0.5271180110647711
0.0019635929640736682
0.24105452195537613
0.2907336562320193
-1.5631786743484533
-2.542146882131409
-0.4884416395638479
-1.7465138839849024
-1.1137127165745562
-1.9259751035824184
-3.2462424148708457
-1.181776192497133
-0.704216283390403
-1.2392226159965172
-0.2775354185837452
0.3270696018395589
0.30084982027639073
-0.11379522203494064
0.331875407737539
0.2926595150171204
-1.268213872471074
-0.4006237712551126
-0.19533710093663137
-0.22816567974500512
-0.6044263710287485
-2.080372634337869
-3.3712622366571967
-2.344339611000697
-1.908013494720863
-1.1467215550539527
-0.5661356139116283
-0.5960892333839827
-2.231191458374052
-1.5625404277264154
-0.44934952305262454
-0.2058905972966073
0.022543701844101205
0.3964867171311113
-0.3140577499245372
-1.1299392627307028
-1.2747611410863757
0.03191001637018054
0.507669729655293
0.18535483995300472
0.32875223184353597
0.037355008463115846
0.33588303969764444
-0.044901008165947276
-0.012366100518156953
-0.24048284552602855
-0.4168172655819423
-1.6172656136284682
-2.396567792640141
-4.0934500881547295
-2.792166614057416
-1.4032517542115208
-1.2356103020856308
-2.2205179876450156
-2.656458515052698
-1.346124924608254
-2.071892576844518
-3.1422654810287174
-2.0834216166898725
-2.471633524335966
-2.1390529963596014
-0.39730684072810635
-1.0679519443629748
-0.8395585571184708
-0.6048975663855194
-1.1482152031247201
-0.015511284612309495
-0.2753271908924776
0.17489994381191581
0.6431512148001548
0.5624105368853196
-0.034239404421367914
-0.5575482670748707
-1.4041162497416795
-0.7139610474528904
-0.27374826791047396
-0.05157554057258029
-0.1794313510692192
-0.5767832079158272
-1.2807663699998724
-2.7250508911430913
-1.4025230928833823
-1.5188603590096723
-1.4043146397365063
-0.9822188942012257
-1.3308390267345338
-2.4272622522089273
-3.4876712307423245
-1.5475879126977534
-1.1441905608814857
-0.8294107152937076
-1.9106784429830572
-1.3446162572947657
-2.157960409226366
-2.0892750423416224
-2.289118110492058
-1.173851171702609
-1.297651290146554
-1.8098008437988056
-1.7297198162760572
-2.269828114459779
-0.9075875720030367
-0.30245261946432156
0.1508896862408879
0.12876691145267283
0.13126542725583135
0.05225896544079778
0.2200628320790774
-0.1152379732440115
0.08030852386743303
-0.7338617028496638
-2.62384298397594
-2.014718935088271
-0.9891925541277822
-1.4189618911347224
-0.901592704840966
-0.9557439931631746
-0.3339482250451756
-1.1062123585371713
-0.8683437477993132
-1.1969743214338309
-1.8549411049210978
-2.7623130063840597
-2.6902046115349427
-2.189012638968695
-1.036766862913935
-0.706453859838766
-0.1908196395562362
-0.24512400887462163
-0.19584092459924135
-0.0041961893020175944
-0.5906992123964242
-0.19936418720789756
-0.15866726267432532
0.29628194882928494
-0.06518568127731802
0.4215419727865106
-0.2509585511924078
0.25804554229246524
0.27703112629629
-0.2495972772560783
0.06428684731503681
0.161900658940281
0.2749097270537929
-0.6054886265462482
-0.32040853887073745
0.07045037419302802
0.2174362675321989
0.31837555289725916
0.38769917792652375
0.003948594231603764
-0.42505946959327723
-0.6934268396407484
-0.597217152082056
-0.43983275076710937
-0.3980640682972752
0.19977597030075184
0.3314534566238254
-0.33902185562005166
-0.3681187022873147
-1.935447009379767
-0.3129147830598925
-0.5191634629462036
0.17382669625014052
0.08192518410232796
-0.028872928665532815
-0.6881380530546642
-0.7283915336491713
-0.9641539567261569
-0.38459593414736587
-0.5415099157629957
-0.32570702168975224
0.020764080204545177
0.25717641110212663
0.29074594301660506
0.10223873489102625
0.19077346947793333
0.060865226992678434
0.13030188208232946
-0.1171136104034769
0.10138959338309272
0.11529366109532646
0.24853027114409387
-0.02036670235332172
-0.4713355358152195
0.03554309936202937
0.2679061868805023
-0.033308691475537056
-0.051205899893340734
-0.2380442587802173
0.17425594269683337
-0.3632444201681829
-0.12898744768106843
0.12799620032492437
-0.03468434692621569
-0.9685565394481304
-0.6259489746276519
-0.47169334284158365
-0.19336044402292227
-0.22013444652535374
-0.07182632574293646
-0.2573966696317771
-0.2506646968600719
-0.27963222369840135
-0.7346455003730085
-0.8586231279938842
-0.5498071255602868
-1.325611146915684
-0.3238331831598283
0.3451085450558753
0.3847886808822868
-0.30665999742556765
-0.7291291427058204
-1.5722998090729385
-0.5964065558227203
-0.3288937872874102
-0.23584351083737845
-0.36218430390221157
-0.029359801688701948
-0.5349488929438018
-1.8953319957164063
-1.909469115395206
-0.7216755114189668
-0.07241438367551262
-0.18208571825389752
0.24854738845256374
-0.03481315797350826
-0.3432925995449304
-0.39506578789855284
-0.2434388151189258
-0.06440483985661666
-0.0995591054486834
-0.6988179077902872
-1.3181680745503392
-0.44416938862977173
-0.5788022436287907
-0.2179265138489992
-0.24969731527276576
-0.5773095492388884
-0.3338333503833114
-0.32067928620423597
-2.2108384881114245
-2.4691369133501633
-1.8232560928273243
-0.2870669714024908
-0.21606319322986534
-0.5817743530362403
0.07236649726786781
0.18511025115349888
0.2621506670527146
-0.026369284057922993
-0.5517775139714989
-0.7776644045026635
-0.43993296659247066
-0.9150451876475262
-2.3689324731205685
-1.8537563822412713
-1.4940408112034032
-1.4952305954313023
-1.7413478069426649
-2.920268695475617
-2.0638624130466257
-2.4068165466820894
-3.050029483113082
-1.427706353168086
-0.7935645710726444
0.060549844022534605
-0.03726543557997869
0.14861644948516411
0.08933180233148258
0.012961464817234314
-0.9608046284040125
-0.8822720891415908
-0.30310464289192796
-0.28760758747461745
-0.7897477108626529
-2.0007070892776984
-1.4709587666224135
-0.28139124047885683
-0.11513184788440958
0.39634227169578407
0.28369298688055766
0.07590549009053177
0.3506414150781897
0.51813821732683
0.6478630435026551
0.5954798405592061
0.24339086326854575
0.4505704416363837
0.5492355255203222
0.6806217940748143
-0.044373578496722355
0.26427014208991517
0.2723105207418701
0.3810934824959922
0.2824159422008494
0.18471110208060432
-0.025759660543809515
0.38251888129439804
0.3694274966420321
0.10756703650651506
0.5105776385574202
-0.1162893743012906
0.1184715182724454
0.04782433089906363
-0.1539850591156249
0.21928152923221234
0.5230689704979236
0.5466619872070564
0.03702739456764731
-0.4494534935890905
-0.33550572404115175
-0.8540974109564072
-2.078783249925111
-3.164864887860152
-1.4388288299347587
-1.3519972353855607
-2.809743802805055
-3.663025481490726
-1.1628572675611113
-0.15608530872080312
-0.4425341348315606
-0.18491937611585296
0.16538113069240018
0.05996069574506385
0.08952491306077842
-0.961395892677717
-0.9139034221315769
-0.40467244876819386
-0.2212554673720162
-0.38644875522509037
-0.25284660403450043
-0.8767854974367272
-0.21617306030688227
-0.11162898121939643
-0.8792457888224083
-2.102005124570713
-1.1374004272102392
0.055354998918339504
-0.08836101843914232
-0.01711000575653915
0.19097372760196252
0.5196294665800612
-0.24398422177877957
-1.321268684150478
-0.7732945249939418
-0.21298317975764586
-1.2391449697878059
-0.4014024625270364
-0.00421347757354118
-0.26500793991172605
0.11315711724056804
-0.03480623088081147
-0.009844403323166051
0.19268476389330375
0.12050684852685245
0.07346408526346598
-0.20075483316701548
0.1619287586480554
-0.2600771082769318
-0.07616473212136327
-0.2600008174038694
-0.09309319979388081
0.00017365320513729188
-1.3504373367637204
-2.4651881563832156
-2.8330028858453575
-1.2076148221189194
-1.7646040171643351
-0.5020181233788811
-0.5681467660717803
-0.055558906226467086
-0.20178112532796671
-0.03871818152114603
-0.3557483151083696
-0.13651248488397874
-0.21689023861619267
-0.07687586064569979
-1.015984034684071
-0.5509877964130436
-0.6371591075801317
-1.285302473922053
-2.7414882541501493
-1.3140839174141994
-0.5390969266661287
-1.0065212470399196
-0.7846804126694633
-2.150644356315936
-2.547976609537797
-1.797212968035951
-0.5906633582933336
-0.7129375562875394
-0.3213541722145763
-0.8067541174027189
-0.7952915312952687
-0.5264699579360789
-0.32827797411122367
0.006036812464809249
-0.01710153705047085
-1.3101316733034558
-0.6094397803820846
-0.029125751734834393
-0.07492788265749337
0.11874299322369564
-0.39135768939281024
-0.7885995827879437
-1.033955231755518
-1.2204110016031096
-1.0698568069154422
-0.8239589670136013
-0.5759693119446843
-0.8636269641442551
-0.37189342367381883
-0.3923768218191354
0.15945975321795647
0.5124113874371511
0.3417521697426221
0.5335030838387379
0.3825324816498401
0.5802403386614278
0.3688879641577809
-0.20771645109909664
-0.28247717545587253
-0.22878598377937764
-0.8604765235898767
-0.1628818815989219
-0.3065235541257338
-0.15392981579906512
0.2597514692896098
0.142528867922169
-1.2037221854181563
-2.017713915191625
-0.26802308235833716
-1.3465552285719662
-1.4890738604860188
-0.7105679285887122
-1.2531409545229044
-1.0189149770376045
-0.3511516979338205
-0.32781959926960663
-0.5510735132940208
-1.0372346840922075
-1.4261277970145736
-0.9820885892301289
-2.0793650222399274
-3.0938018043534212
-2.004593233826108
-0.3902244225078507
1.419302474248152e-05
-0.2137169220256458
-0.0056641311437050645
0.13650794386406584
0.3417204361971813
0.22551111234306365
-0.2619826271758619
-1.4701852773585684
-0.3328254851643412
-0.011482301476766488
-0.054862681586805434
-0.16839367826437618
-0.9578052698082908
-0.4740166290885811
-0.5072789320423832
-0.01587158605234973
0.23025059144717752
-0.07310010821912405
0.3062069215643235
0.1329644143218549
0.12078163133182263
-0.3059637920530278
-0.9852475115996436
-0.7560335610157489
-0.9655712356788493
-0.1545197408164373
-0.13173531902842853
0.30680101467901255
-0.13976593138685756
0.3017511083913825
0.5737981242700225
0.7042075685683636
0.5530039631939301
0.5452715848067885
0.8886901200084015
-0.55636830304649
0.43685860726703063
0.3084302498843243
0.5137740083614323
0.131556890254236
-0.09016499509375675
0.32858299886851206
-0.006791049810615735
-0.24131956333924082
-0.4880765393206522
-0.09943787978759652
-2.4177069053859985
-1.629610435176335
-0.3757464654870053
-0.3928907366369063
-0.05121041010989072
0.17716405600271118
0.4580286275341512
-0.7337397815533623
-2.741397022137027
-1.2516736509029127
-1.709007794026157
-1.9475479003673337
-0.7947198438763993
-0.015419568247328375
0.31102638450772035
0.25341758615628773
0.055403329836944015
-0.619406784987203
-0.2628223022843507
0.05578887852544073
-0.05470466538896546
0.12670232908951112
0.29185153077915493
0.5242727449424915
0.2554529799264459
-0.3893729369079368
0.1157011400275868
-0.943854501042609
-0.19529815005104434
0.10207940012475553
-0.16331246558172685
-0.907685077798835
0.07032446080647303
0.19845650675289678
0.03069288157507699
-0.6861466053412036
-1.2008732671770397
0.1546610868599228
0.68426477068942
-0.26297588887026196
-0.6507730954239477
0.08412102110178893
0.3980258573436368
0.5115413617638511
0.35983661234195485
-0.5546156198375156
-0.2257246087394095
-0.11994547231151462
-0.11445798360078915
-1.6896289779625415
-0.3753716272404419
-0.43772811542144896
0.0909123263488118
-0.08316429356290891
-0.5043267472479449
-1.4852995629136845
-0.25830486521643836
0.4088405677727015
0.46116670192266895
0.35573420206228445
0.5513996896698177
1.0194448385047012
-0.08936765978883798
0.2552069640902508
-0.41952214137727906
0.2018329996608108
-0.28828457358528053
0.7640159594560615
0.4766603456357258
-0.5376988644120232
0.020715339729036553
0.08991515179921838
-0.08889037583972753
0.16440983032535472
-0.3419755701264947
0.6430035947700771
0.8701653775386807
-0.07508334008448656
-0.7012402922899752
-1.019294569942303
-1.3218477149016965
-0.8583964066509939
-0.8805038972742915
-0.3353949281775747
-0.17553482415634591
0.017542214736640027
-0.06664985483619626
8.646078943364e-05
-0.6259560426363706
0.1263304759301883
-0.05258583028355496
-0.38139412762210567
0.16458837051992764
-0.23904482780643493
0.38003843857148345
-0.061567536679425244
0.2955324979701939
-0.47373465042603585
-0.7566982210702726
-0.176364431145862
-0.127290543662477
-0.11194610921067857
-0.42475089746137157
-0.81385922887836
-0.4497706174066075
0.07907713962587903
0.20732102045552514
0.5588562626424566
0.4011942518042094
0.14121779851445804
0.3677656885414955
0.469904755630868
0.8169185221838132
0.6950388454810491
0.6125365543393358
-0.7902132494027204
-0.02306505291535549
-0.6110651749655389
-0.28536344908910716
0.12783485029852232
0.26990291195295957
-0.21880737397900776
-0.9950831944304888
-1.7530158242278997
-0.9956277164603377
-0.2110467499095085
-0.3063654909043802
-0.13881492123497566
0.0020500342099098456
-0.4941808018975782
-0.5302219440808593
-0.3366434967613364
-0.09729589665117797
-0.08907556859884766
0.25242497867590297
0.12860522546600522
0.7630227406737077
0.8743649615443801
0.7835436040935538
0.8657711419318707
-0.17402327723989472
-0.4703996335707848
-0.35676604493513847
0.0516677415133906
-0.3641623536471969
0.10530853875638668
0.524879033178087
0.7835108925084541
0.9037035787356688
0.9134051373164579
0.9760644769811534
0.47398346240293365
0.8703769204142734
0.8971360384267789
0.7125517655065837
0.5972645434129599
0.5563737687737227
0.28886231935493867
0.32598197643050286
0.48962180277810297
-0.2664204664256342
-0.23428354479045121
-0.008018417533897815
-0.4831369544537317
-0.571367492212707
-0.6342145839415902
-0.3040955985627447
-0.9363204732466478
-0.41259655068792955
-0.1527251261471823
0.11682136513393859
0.029883936875568395
-0.3022070489839036
-0.21464403258762138
-0.07583072611698002
-0.38097523742125644
-1.1840307972150725
-1.5103341083719393
-1.1153859546105953
-0.8658872066160027
-0.576003379006691
-0.3943021581345251
-0.49848275120183366
-0.7564962542639366
-0.8635734853899908
-0.5130280721881999
-0.27822478765929665
-0.16626300169523245
0.09304891653520059
-0.2824947108906761
-0.16411436351597333
-0.09291237956781542
-0.5279350328623358
-0.42530292943342185
-0.5858060502534213
0.31106092241960703
0.4516088599605069
0.42570674781591256
0.3870480200623463
0.3759799744009541
0.06388691641847788
0.4051072716058687
0.33377890136220867
0.47400315763763123
0.5687392076467593
0.3373482621736229
0.29509309999029076
0.3996346216925485
0.29667887419008476
-0.3513599225858605
-0.34567702263103867
-0.16428789838858068
-0.40216604440861936
-0.24137684768183254
-0.22589033744918297
-1.260403313455803
-1.8331039426092595
-2.042488981710177
-2.5179331260605475
-2.4352186709765427
-3.0575246896508506
-2.0488305820579233
-0.8437318978812789
-0.10404284517597365
0.014801380479620152
0.22328263815237948
0.10765540246938576
0.2822761809224762
0.40718543046064515
0.5150496027350132
0.44134303041453893
0.19184386684414256
0.2077997727505908
-0.03503946752456538
0.249169813757127
-0.20858316983921352
-0.24691850850376018
0.15281675887931212
0.11481927675292586
-0.06187769939216542
-0.6307866968665381
-0.4376949604315089
-0.23681824447059865
0.291621138209634
0.2739216028424464
0.32940852562613154
0.43544334321962974
0.30618362523539144
0.22414353297970557
0.4646297849640423
0.32570362928565677
0.08955789518609814
-5.251203296427273
-5.514922514804471
-4.229148644883297
-4.898085837993684
-4.682606402663235
-4.658906132999248
-3.961259188950756
-4.762739924842358
-4.3712539855182975
-3.862519964658523
-4.065642136125024
-4.2071231142108
-3.8345919657316063
-4.163315718598391
-4.473701344767415
-5.402154609662284
-5.927879242247262
-5.998153283617155
-6.286020934213727
-6.254144155547046
-6.546871962082973
-4.907307008269621
-5.161275120466524
-4.4291056548830685
-3.9937327865636782
-4.549431239906903
-3.9714995950052643
-4.579362719207699
-4.643826720725526
-3.918824359473474
-4.434886498119398
-4.97663896130574
-5.124834262459949
-4.87301084630003
-4.680885396552155
-4.80335453788685
-4.2018350751258495
-3.96933810820354
-4.437950428494577
-3.979022098948845
-3.482855097621895
-3.9932460101821574
-4.459598293770461
-4.459068127284786
-4.678058079147916
-4.468197739088482
-4.141650954439426
-3.975152336276318
-3.7664516916558997
-3.572739491091674
-3.6536630941545143
-4.099987558519552
-4.156494947958369
-3.9388501791219506
-3.3782465078845436
-3.6667954029951666
-3.9667856501450562
-4.190593268615274
-3.5101733447607733
-3.9418472122249306
-4.114804268382078
-4.195930922371026
-4.482803925549617
-4.355795187475446
-3.9959354062462413
-3.7742881790976917
-3.864822792405906
-4.27216796280104
-3.8754039306418258
-3.514724074174084
-3.474471599618716
-3.404979768694417
-3.7764561644835775
-3.8468343399374696
-3.9825813799737357
-3.7741376029762423
-3.4703179257678767
-3.6797801684654687
-3.684872033174558
-4.107231346584918
-4.265987492327092
-3.7488685767934053
-3.5308860082488676
-3.5184893548510354
-3.8712821814741636
-3.8406357735495518
-3.842832211513838
-4.058645986326183
-3.5236730017543536
-4.1382131247053
-3.781917527077468
-4.175355224444752
-4.242231303545872
-3.4312837065581276
-3.751082213868795
-3.546008879478528
-3.648561078175706
-3.4043473837379032
-3.3029291254065476
-3.557637269401552
-3.4480420240625893
-4.284216734207212
-4.246509287152691
-4.690934127744974
-5.413906263605129
-5.748424478398356
-5.288587637411616
-5.026868156564851
-4.627344092881732
-4.635380224684999
-4.255651760274104
-3.7913334401918126
-3.6986166310981656
-4.128619768473611
-6.372102523272754
-6.339697060589972
-7.853908059248073
-8.10513331831885
-8.455378532775848
-6.916078513135374
-7.170683297944304
-6.793789932362531
-6.612828649017414
-5.687473949070616
-6.180080940444464
-6.985164093059406
-7.096484022709099
-6.134831882319404
-6.838819620036901
-6.780036938872885
-6.070546039437137
-6.561385813671885
-6.022248278973938
-5.79459619071845
-5.563468664794943
-5.708324744781812
-5.229967797406394
-6.202318136778019
-5.241415852769563
-4.933672753096824
-5.162661048186822
-6.279316470997716
-6.027620214941314
-6.367645764072282
-5.804828074896299
-6.085168997689297
-6.916785152614671
-5.618629340470016
-5.70712781682377
-5.655524388462405
-5.392060346479855
-5.675645145353806
-5.754474107945844
-5.306109979409672
-5.224773200833025
-5.219618534710102
-5.0435859960842615
-4.681087886216154
-5.302286146134305
-5.27827479214797
-5.422064266412652
-4.993075996654557
-5.143353306852482
-4.926186871611996
-5.838128358992742
-5.799532145506337
-6.041053556932522
-5.219502552940446
-5.432210732038599
-6.120136881644143
-5.3263451618352935
-5.475388721414397
-4.817999697125547
-5.473405702961892
-5.525944305013061
-5.647347954721031
-5.3944252798279075
-5.94993656873272
-5.7455534183462955
-5.854628019173858
-5.894681796068541
-5.93242824494689
-5.638043943969365
-5.392503991792924
-5.104300860420701
-4.692802104786547
-4.647579345302151
-4.412336034504776
-3.923894422255659
-4.392342721496555
-4.496265518761119
-4.309189741473874
-4.735787126668926
-4.324458120879271
-4.137617723878073
-4.127916303247797
-3.833098119494144
-4.012668922383409
-4.254704175571434
-3.9054538788417728
-3.807074708593759
-3.709342436423144
-3.810205458660075
-3.767702757925819
-3.8783257765688957
-3.7928973250221785
-3.7930836934413654
-3.611421914850759
-3.6005328281027182
-3.5731907227673037
-3.4832992464027113
-3.3521527166279066
-3.329239596531904
-3.7250133311377085
-3.3255394551908113
-3.7183077922735377
-3.3463290307353097
-3.1267677166400447
-3.7862625387743836
-3.2559379249556497
-3.5906808001876174
-3.3368862466865745
-3.7233560649362296
-3.4266008982725746
-3.558466111052604
-3.4709329462406795
-3.5344707878972885
-3.1466555665694
-3.301202371390979
-3.1563320536909876
-3.2155761731243477
-2.995639075789567
-2.9186249039400907
-3.184086012042928
-3.4865399713852083
-3.1912014468294116
-3.337732916859028
-3.408336866536952
-3.3270837631704175
-2.891271474975059
-3.2043733688911544
-3.3991872188768095
-3.462132611392115
-3.545116409190982
-3.3307079863090494
-3.539622932696073
-3.165023092501906
-2.9802914853266382
-3.3564570892735164
-2.9350153454788908
-3.0241684467264767
-3.163666867992569
-3.058948234525362
-3.456362162854299
-3.278260940752771
-3.226503823621154
-3.3665907297671396
-3.177579713966536
-3.2300825537751416
-3.2266035254675955
-2.9759074909385856
-2.7208536310222264
-3.4072321018358536
-3.089813298431012
-3.233696154445158
-3.213726571687887
-3.465096686779483
-3.1467157539847705
-3.1561239564031682
-3.5139693658917697
-3.4551381393675498
-8.471507996128011
-8.624956515202182
-8.26122244892769
-7.84885258584302
-8.201431590003397
-7.877888368036034
-8.215415677882977
-7.97583368828106
-7.790995334257592
-8.086559479772006
-7.91216155169835
-7.742102074788188
-7.5402562758668115
-6.5095986699569
-4.111688657030559
-2.4935868394156078
-1.9917886370783284
-1.6029443492850555
-1.1813592185773305
-0.9098722153358823
-0.5618720532257322
-1.0870485562385939
-1.2231628189907955
-0.8496260328762328
-1.8421984507029112
-2.233120970410342
-3.0029467886106507
-4.424195897439921
-3.4489169056909352
-2.088208217743004
-1.0217463374476448
-0.8443392945572891
-0.5420777263104429
-0.35502827674028303
-0.2743813203154422
-0.26048625900989186
-0.21302439444535004
-0.18141265136325863
-0.07868247917091792
-0.2018782683974924
-0.5568526729446978
-1.2549079435791566
-1.4667110403946149
-2.1067274919362515
-2.1467820599925487
-1.7295987664630204
-1.3729656904695045
-1.3129544990875304
-1.7798602458716912
-1.5491212884232333
-1.011995303474536
-0.38709121512446515
0.17432846446540473
0.1157453376852916
-0.29104942891735813
-0.1286976336013366
-0.49152028756494154
-0.7313678330683755
-0.5761033465990174
-0.03862740206388443
-0.10359022978993362
-0.07022583282994191
-0.24334014761258582
-0.9156291047237397
0.09147176529610268
0.33353985068426717
0.6299779976118001
0.7593485077681489
0.792224794376425
0.6594073629356577
0.7880260707504133
0.7098184865572826
1.0162848943556542
0.9994789601738371
1.0510799034054106
0.8753633623247338
1.1058777697776132
1.0337393831104604
1.0710318330276332
1.0819839921432761
1.4029856276646497
1.524087750220632
1.369877520544608
1.5763723427687877
1.6028887682588993
1.1827887877616345
1.698726999618874
1.402881636163194
1.1682573474976445
1.138985925278063
1.0683963178401266
1.1131148908346473
1.030536963573521
1.3436766036433117
1.2904758131432605
1.5779784733589857
1.4696058430076997
1.0494934868602424
0.09258417695014282
-1.6475201537173865
-4.290889806928059
-3.044894793519827
-3.515866313561554
-1.442761469679613
-0.1501317575514066
0.06803511129724082
-0.1502451851833121
0.3538417863867821
0.3527610980002691
0.46239382471601176
0.42881901338497874
0.22081309763521662
-0.04532928679585824
-0.00356705926146611
-0.03411113440902808
0.33468484031753576
-0.14245403352390726
-0.49223585713720397
0.07397853699980039
0.15972665479998183
0.5109832591455691
0.38277922421531263
0.38126326200476823
0.3654174283478563
0.70769776924622
0.8061055640031743
1.0356589769854172
1.0218854498854069
0.5376279370478799
0.7989820531846828
1.2637406932247166
1.176883948157085
0.8396539808580529
0.7034778537120815
0.7100961397520288
0.9902220212359462
0.809720596257106
1.0379728144158835
1.127326815303146
1.0709670266406728
1.0962187524006466
1.139225888178621
1.2246316240865824
0.9151124287623901
0.6112347226133653
1.048162692339813
-0.8657509744555089
-1.2498187905666347
-0.871860395870802
-0.5025522194296521
-0.48866616780510286
-0.09007618557448313
0.38968073770518674
-0.03782319453971078
0.8218217301478167
0.7696620330933509
1.0693139309910893
1.2419919676325812
1.3045278817450505
1.1233219505311687
0.4419585913612488
0.5076895996261553
-0.3829738293011754
-1.2284883755635572
-3.076532051777315
-2.575774327675579
-1.0667176424408915
-1.9879399010609875
-3.356694758677837
-1.7978765534130812
-1.2340955304755732
-1.7700665947428558
-3.176444434963866
-2.533684752446972
-1.7207017793335209
-0.838641410347153
-0.2657260677882022
-0.15251979550334965
-0.13815118335422805
-0.45198870107016165
-0.7139907787249564
-0.16836882076432738
0.32691815236546773
0.5716149909208184
0.8255083793451273
0.7840053319175356
0.9571847752408674
0.8347237587795596
0.866168449023648
0.3740936610003941
0.5615327062796936
-0.18690813397122183
0.2637090752852641
0.4644464009269489
0.20129714026210765
0.470617539361993
0.6324177066293162
0.7570010903501913
0.3793265645090217
1.2168996930766238
0.7786076089770017
0.813332877669935
0.19476520522386537
0.4673405923625805
0.22894371708667283
0.1411694295416993
0.06726395093236404
-1.6126571214856544
-1.0676854225404249
-1.306399096332266
-2.390627494410621
-1.2508419089054361
-0.7638839560321016
-0.562509252740218
-2.4889760510946877
-1.0651108841302626
-1.014795047733442
-2.482303299216081
-0.7712944023700012
-0.3384032441115987
-0.5473061756921341
-0.4549222106804806
-1.1592592297669266
-1.0105295638841791
-0.012216914573873638
-0.6486873829265898
-1.164166362379067
-1.9448219054193547
-1.521672705333284
-1.6738691235767873
-0.6849221922470551
-2.646563260007346
-1.3242560053609211
-1.5718309908538934
-1.7917316324055594
-0.15143343514986515
0.8302342317801198
0.8564369758452252
1.0443811564507053
0.8450333774585451
0.6371290362960407
-0.20336974090153243
-0.9155695035266495
-0.6854649211840255
0.21508461052482974
0.8851349698971999
0.7031745521707436
-0.7582728345965258
-0.6007133460425935
0.30267726436745723
0.629479107147134
0.8763468547617009
0.8321461391141115
0.9109863532070982
1.0881394097478125
0.7242331583944578
1.185832845117757
0.8235727331610888
0.8409981859146759
0.7656284981535656
0.851648962475145
-0.7476745788392087
-0.03577097503888432
0.6094222061555932
0.8595705440428353
0.4374688893004868
-0.5635274006447386
-2.9978445543441885
-2.943983629411451
-1.254205331481121
-0.6099919668474942
-0.124679405431248
0.14911678339795092
-0.21529051003727734
-0.19586535606533587
-0.44841667929314255
-0.3271695079440217
-0.48433264594472564
0.007315483153450708
0.5649484049955806
0.3290221999264068
-0.06938248530076599
0.4190258086632477
0.7567127609514127
0.35951929799925486
0.42963300617473144
-0.7145904083660672
-0.7146998804126421
-1.4717234099434329
-2.0423940531969964
-2.6535376077217885
-1.0328163418812044
-1.7099442210976417
-0.6655526441958899
0.21598767778836048
0.5567634729837523
0.5549171334098921
0.3512785997313016
0.35301029600270184
0.007070854944818683
0.3968065239794868
0.7527783859501341
0.3343711335945121
-0.899045444720338
-0.6945219626000891
-0.10140654166230459
-0.34424276404923165
-1.9045538011294267
-0.8927432276331639
-0.956061597037319
-0.5167843832333102
0.3117067880287153
0.9574691289481679
0.7383984065509438
0.4452074339020752
-0.35423576193990575
-0.652369850685783
0.249492591495324
0.2623592963662742
-2.1972373671965086
-0.5477134017358563
-0.21383866499949955
-0.7984605088118139
0.15261364193702653
0.19382457888753124
-1.4565352184496514
-2.1481961365438247
-3.398757954936796
-2.605683467938254
-1.0995607449209077
-1.0873803743971924
-1.334175371747179
-0.891955752852875
-0.48509544330420507
-0.3230920078250164
-0.5416820367496168
-0.19340651557373623
-0.8119433377765595
-0.0074336159167762705
0.05169902874945442
0.2892107647058839
0.21095324351180933
0.1390368376306576
-0.36112278864049474
-0.28613103794350514
-0.3190294634172361
-1.3909883969040702
-0.5795673993938507
-0.5439877227736003
-0.8715764175293057
-0.22459240620527052
-0.8576665479144964
-0.8829319791154443
-0.37063070067211984
0.4040910280530138
0.6460158988472998
0.60420379011811
0.46645591244204765
0.7499475278820936
0.20567303755149946
-0.3443873011399706
-0.4144145631641395
-0.4567329131521498
-0.8322859680962773
-0.15596851504396267
0.11927010366295293
0.1074316849717386
-0.6198705379482077
-0.7187701986090209
-2.8183765282589253
-4.082836141791077
-3.583689508974568
-3.515106544124525
-2.806549316767802
