0.41688729655036444
0.25682044701234696
0.021240589013582455
0.13823174915804398
0.24738675549119696
0.2738128237005299
-0.08377864906431205
0.1486035478396946
0.044719183349338394
0.22931784461392052
-0.45685364130429873
-0.6564749341279954
-0.34677779200927117
-0.11569656038592557
-0.3380050740494119
0.10332454686132977
0.35323741339484493
0.36344778638567504
0.2952195249196024
0.7193211005833715
0.4916082063534609
0.5710019076255252
0.7383815551431269
0.7953164332327353
0.6892706823358938
0.5680781103364033
0.6641896703337049
0.6458795951475853
0.29863161893149
0.2253749414339122
0.3377651763322491
0.6395393588326777
0.3884008109412564
0.5037579847826555
0.42386990618241294
0.2985650277177076
0.5303835862439445
0.40403270127893126
0.3347583769076818
0.37620445136321484
0.4972609347940683
0.7339324735170043
0.5684067736288798
0.3796815846256275
0.38515712858806533
0.22503501250153374
0.463213257271682
0.4262396155827447
0.36468772655123094
0.29641099205553323
0.15194140752591823
-0.01612827320183655
-0.2716841971815941
0.24199819876591575
0.1768148387113714
0.32135118490551173
0.21785625399403116
0.16660677738961147
0.6898859547128402
0.5848251795719595
0.5791359325964284
0.1208027486642831
0.26367482843180223
0.24415153059587275
0.22794893109810815
-0.09543744338357683
-0.037306362823508556
-0.19738283280074767
-0.46819020172019704
-0.20208237656273362
-0.04741989309799441
-0.3524098370927943
-0.03965165675579949
0.06423683390569769
0.41548027859396597
-0.12814597763455146
0.2581194659572418
0.637431454952626
0.7008810859373155
0.39365912803139774
0.50056649642186
0.7234698880741893
0.9007945797596243
0.4702985020640427
0.6937507805879537
0.7834143917272671
1.1572003938888167
0.7905409559109333
0.811396189742203
0.877290540938362
1.139360752550649
0.8674764598625418
0.6498591892610609
0.7301854915310392
0.22641156241346405
0.33992811380032045
0.4898896612594493
0.6382251218803568
0.6401936538429404
0.5395488341664656
0.6473677403816707
0.6591896116279781
0.8708116522552714
0.6572975878445421
0.7334756861001639
1.055225857637124
1.1376818434456362
0.9607609781963461
0.9548991529461716
0.8939789511571007
0.7828280504836399
0.7854354071093753
0.9644040683834219
-0.17307737307886772
-0.42891674829639
-0.2350574668408929
-0.2595991802600378
-0.07456629425975367
-0.1946152801807212
0.24814549641550313
0.09385213889266393
-0.08691416163253039
-0.13532673176533752
0.25392604880115704
0.20309251740348028
0.19014661922591888
0.36493812358001304
0.526743518930202
0.894928713953425
0.5405606547612096
0.9206261128623976
1.3796692690150454
1.0490594673932718
1.0049323836635395
1.0834408586986375
1.2845484390727933
0.8167595628817698
0.8473679228924196
1.4093365942819889
0.7207208452789171
0.9512605920811544
-0.881303880357829
-1.0264344010978923
0.4621198301197215
0.837344990704845
-1.2126841936813286
0.5985655219029751
0.29301590183462667
1.0784233803780012
-2.230210207075119
-2.6140246663159945
-1.3662546962404636
-0.916204295527638
-1.7774143481088345
-1.7081766859520973
-2.390141385157495
-1.9351712108561687
-1.8696385003112344
-1.699056688742433
-2.277555472551072
-2.737647428387268
-1.266169787635612
-0.31545127609673523
0.10749901140976909
-0.02013692178684565
0.26932388204335184
0.5844963742068207
0.4773018749537493
0.6613068247578584
0.7964467958864352
0.9977721764562132
0.7527649704302655
0.49254394959776693
1.0533824104293394
1.1762864950818364
1.1081158993203846
1.0060529195560188
1.0344660906392682
0.48656777502611115
0.9772165607366641
0.6865318746924961
1.0189421889944619
1.0647668819075282
0.15657288529497954
0.6886961860174167
0.8183252948433908
0.9252605394242298
0.2905043749077212
0.630026667171646
0.42696355574871964
0.5620632643266599
0.7264349810434185
0.7241299830820849
0.3741330854172234
0.521246030663025
0.22506150318464963
0.058093220481902345
0.0879560682034029
-0.657264793039108
0.0986710675117635
-0.25441808882522626
0.06310785613050947
0.24784325904657686
-0.20000184284326694
-0.507116807950524
-0.011504785718442065
-0.2323577730775816
-0.07035428871167772
-0.5189682460569837
-1.3032959893858582
-2.7063103622110627
-1.2888175879198263
-0.3805061821853082
0.10703897394554857
-0.39834884193567327
0.30594968340877776
0.3224741986813851
0.2682448251068883
0.44316880790341107
0.32255243917817766
0.6771145317373428
1.0050977820151346
-0.36612320490180306
-2.3424197583626634
-0.5671139659174834
0.3345968124611417
0.3022978061600502
0.9723456463526732
0.5450160158049766
0.047672481394755974
-0.07999338323414149
-1.1110710870617972
-2.231023266156075
-1.9951229923202598
-0.8261041503871199
-0.936998835155133
-0.5568144499532105
0.044664847488110844
-0.08995532322697448
-0.03726368543853742
0.41480796186112523
0.5668931854876078
-0.6572399839332572
-2.117954528693462
-1.928562194328025
-1.4625949987466185
-1.0155496905718722
-0.42800537369626995
-0.9932923117079814
-0.04943385124310562
0.29199040086689476
0.5283968911070916
0.2525782241949392
0.15496277662795138
-0.8682751364720347
0.06491033601057386
0.28409446303627767
0.48439513679547536
-0.3910298325713696
0.11672453734259812
0.1285653888470478
0.27384920366034665
0.8872369767231948
0.22623165965647335
-0.050900958294237575
0.9352181704679021
1.124091300245355
0.6716394179538984
0.3380756795246588
-0.5109263860863216
0.4372971776360489
-0.18461404665301573
-0.002851844386800478
-0.30341626774198266
-0.29474564093125555
-0.7354936980251652
-0.12286522216350124
-0.704101772682405
-0.8757952692444614
-1.0970959852760909
-0.8067209473412925
-0.978846137555995
-0.9570041450799706
-1.1984497594106753
-0.8990858498769276
-0.986197335688227
-0.7010136891633295
-0.1869123832282414
0.18087434597512914
-1.3969640267676768
-0.7178531133436964
-0.9222179303583922
-0.03040294828193743
0.24518582198734137
0.05868512777208857
0.07824971460387738
0.10214464454973225
0.6164342292350088
0.637079734977166
0.5861344710226826
0.4838373650816352
0.6439302099001328
0.04615536039015475
-0.7234574671163573
-1.427294662560373
-2.2210237153294954
-1.2615206371858356
-2.371783266228914
-0.47429848381610995
-2.3708275830392065
-1.4986662886954902
-0.2523893400500357
-0.6496710540522742
0.08707056603979443
0.2847285445399637
0.30067604446317975
0.7481056176865111
0.7164674506202147
0.47795618454249916
0.27025372713980766
0.2567098071560494
0.4493054640868111
0.5478382668280858
0.9169084156857132
1.0762358132248502
0.21931794404307217
-2.2396954535713554
-0.5516811750705678
0.33034515460241437
-2.648909995377448
-0.4894245947857318
0.22431085550826185
0.07471796126663872
0.14242620568123232
-0.29094149108493217
-0.334471822959744
-0.08599608801650847
0.0914375124490346
0.41466461192405435
0.2708803850443049
0.13155517157720625
0.03736554504396285
0.6020345604209333
0.6924273868133426
0.2618370812863433
0.7732334902780204
0.8354061222722468
0.5923616969810024
0.5129093668305106
0.22571295863765836
0.5011619058656618
-0.04404317734658871
0.17020384683105
0.4548910772809533
-0.8261195944775688
-0.49987921535376084
0.18499390024078521
-0.5957964989492042
-0.365967218156705
0.8659965099734748
0.9003595119329746
-0.5003982767442675
0.008144499430791262
0.5351316653287059
0.11656043555839071
0.7560986091745351
0.6754888077361393
0.3946607156076053
0.04895962131601788
0.8853754279562795
1.6336485204792135
0.5554326698475538
0.510076520344004
0.8091702695276691
0.6855157922926768
1.0549721685223352
0.8074002834252162
1.1418836449245577
0.7221210752384386
0.10479913159478749
-0.3246913753600735
0.2989413253673054
0.521226025764193
0.7788384294783468
0.6892856361039515
0.05764630751483809
0.5741238642680107
1.013398067766632
0.64453004152067
0.6509082766869614
0.7404031362743205
0.3715203840662189
0.5005033628173619
0.3549536447183804
0.5347975678945494
-0.42796377594011276
0.23807022845879972
0.6039300250609025
0.7684631281685734
0.49557184836350854
-0.04788351488561972
-0.6363741546786652
-0.16128082324084486
0.26412563010790946
0.6075895923103046
-0.19611337693945877
0.07576810313442986
0.002420056853745152
-0.242322882466564
-1.7602333040908387
-1.3173683739340827
-0.7153795160794485
-0.05412332402924358
0.22708470511183318
0.027224978057607374
-0.6169268760855702
-0.486448558446909
-0.21864864814878943
-0.37935125697430633
-1.6587189491746237
-0.415429536262655
0.3314409714274559
-0.10518355498984965
-1.2718271937760357
-1.1710033647408236
-1.4158001602290708
-0.7543101562168774
-0.6879720264673019
-0.8892395908202881
-1.4950562594545356
-1.9490984839033945
-1.8447353833177
-0.9955341661286813
-0.9530931862982573
-0.5853280194439493
-0.12122508608402079
-0.40835810973627135
-0.48090582372188
-0.8922716313510044
-0.7954329282366985
-0.06484919948887227
-0.7877366452034286
-0.4237866839731645
-0.3864845426219215
0.08247083276020327
0.5256372991178624
0.09285924750059094
-0.6166916335065052
-0.21983419724922224
0.22262922307681662
0.5678531339216222
0.5857331159531054
0.7040772737285952
0.7120065194601756
0.7988095427183104
0.7515596175299243
0.36838529494895594
0.8238072860908099
0.562558064575363
0.10415857640757095
-1.0501384856416986
-1.5127675435604988
-1.3129144161995185
-1.2568406522339286
-1.832163179579795
-0.8424473459173757
-0.05499059714727921
-0.8984918159226951
-0.5248295824775226
-0.5921808873735028
-0.49776932408111146
-2.288282451248093
-1.3077170644539204
-0.5938547823498249
-0.24769791885041895
-0.13758598771949543
-1.6503414828292224
-1.3269310295548247
-1.241058634130664
-1.640284235223824
-2.03156207535977
-1.2365564982484294
-2.224310286656042
-2.5097977203270547
-1.213593203673384
0.2030155330334362
0.28471779475740827
0.10068301343465695
-0.21675169824249024
0.3789863722436151
-0.1913543459301108
0.11131434137531779
0.5952566908347179
0.3476350726770578
0.33517234961138
0.4707277037909128
0.31107505492758497
0.6119145126179751
0.4914402146149366
0.5065791295387713
0.5802088196159736
0.22184977410214157
-1.922209437806462
-0.9725414684445992
-0.6278346867664368
-0.08478593781988249
0.06595594222001906
-1.2181520508546666
-0.7580344706855656
0.5367039276721615
-0.2562003189608278
0.42444371167421063
0.7717800273331944
-0.21401667181909415
0.6930414238799005
0.7169293352655778
0.9335630509595623
1.028100047438367
0.7774953310721976
1.0431827312347226
0.7802588321498287
0.8298461699960824
0.3547390687453374
-0.50059872725802
-1.6263395420080147
-0.9547020804685096
0.48109476508604404
0.8079893700367045
-1.6378248951946883
-0.7575320417291959
-0.36130125220951936
0.25755838200639763
0.485014540530947
0.35949183104424126
-1.672488844234677
-2.410915284338581
-0.1871175252468385
-1.7860170494103171
-1.3991103989522702
-1.75191391163909
-2.5912984742460465
-0.6437713364148521
-0.35747074257240685
-0.807504451943959
-0.04504313208139488
0.44976346255510813
0.44263759635228545
-0.08450116892799829
0.4377005664811858
0.3889074326683244
-1.1169587945915465
-0.386087263043212
-0.007227720945378084
-0.13858588643517356
-0.5153324279500856
-1.9154322309184213
-2.5262038635890245
-1.654852430134275
-1.326885569830831
-0.589599632499438
-0.12424465112802242
-0.32117204679033406
-1.9379486871297906
-0.8814986920661746
-0.04983003466679329
0.09346185100510068
0.12157835558907312
0.34960079778098035
-0.053439004715617466
-0.8844600902804499
-0.8339641123859557
0.5620139519370793
0.6433732859344405
0.3356554738669567
0.37136816482597795
-0.2963721759288594
0.35353001087929137
-0.0010404850728143091
0.03539316844642093
-0.21866930466754717
-0.337201510245849
-1.5334614996243892
-2.1145708232354576
-2.4605951387569815
-1.8869914639319771
-1.2071454001592985
-0.9361461307138418
-1.702491637285553
-1.59520986999917
-1.172510058224346
-1.697647013058835
-2.049913273192508
-1.4956181398826354
-1.8862746806856017
-1.3301110488118897
-0.10848199433520048
-1.0861052382306784
-0.4653671803656943
-0.1971370716908575
-0.9938039120359176
0.3033619177181619
-0.14006618386349334
0.453099167910738
1.0852852958608477
1.0745414585228272
0.5948604089496468
-0.12410002956929603
-1.399534587511011
-0.2386032759830892
0.29854737911846413
0.335129355338981
0.25797632341410365
-0.05591737218203607
-1.2997290654581883
-1.972049374227756
-0.8348314182966321
-0.9791200033515475
-0.9562684972295246
-0.6870453409894051
-1.7329045158046843
-2.290303111285074
-2.604745986413596
-1.5071043390260415
-0.5904135867702583
-0.7594272431828971
-2.0181501406904685
-1.1490845286448574
-2.3432588722576897
-1.8595547959998662
-2.020421284034369
-0.8997835603082845
-1.274729923649172
-1.8360844062154638
-1.8433738535467032
-2.1541104666160114
-0.7173320017406495
-0.08386007093818483
0.4187743194730401
0.27776472833680876
0.26031113903078584
0.22237472772938735
0.2563854349844487
0.18585765236822943
0.26473742652753385
-0.936471106105801
-2.7274776795545193
-0.9542870423747212
-0.2752936254324133
-0.9509890755889667
-0.9081279389701609
-0.8264907933921387
-0.3928232044939199
-0.5192382841339254
-0.9282413243307999
-1.0435264304227627
-1.913090333355968
-2.4530722132243863
-2.4887345979199114
-1.6788668893976222
-1.2341634615138903
-0.5863031610205097
0.2285848399679777
-0.14661565322519307
0.08594372490651359
0.4605688003230596
-0.5388114990296059
-0.03905263292758699
0.010105261177328247
0.43759693497965524
0.08536451238635348
0.6841354944783146
-0.06836130861811375
0.3685601810057944
0.6025746075763158
0.11696130477938553
0.3162043351718268
0.4272684201436346
0.5714691911507684
-0.395224200716404
0.11225614554382005
0.3083174137068015
0.35899131949051166
0.49172672494385994
0.5058782587812696
0.24970640461218216
-0.13018544601589138
-0.29510786487878543
-0.23562918372433297
-0.21827630328898434
-0.19686801656418992
0.376763822124015
0.5227854046632598
-0.3263471887947608
-0.5613755422846479
-1.9627338298503572
0.08224011280468708
-0.003966779704683428
0.5042718763449056
0.2741557709631614
0.16570943626584156
-0.8068770557401382
-0.5053840504766695
-0.7816072994596573
0.02072972735503929
-0.32518388784545954
0.19668680649045742
0.2882203744431702
0.3896266384275732
0.5654203452898544
0.3102168784637908
0.4246403067694218
0.29231345906825223
0.36199200573625984
0.10199969090722526
0.32135710172630527
0.45804980294723946
0.5018706819101856
0.29352407812648207
-0.24020402868257804
0.32584539329445483
0.5359493150677882
0.34098450100728417
0.19102749128435076
0.0665708006317697
0.35843961037809174
-0.11337278074142458
0.18978665131381212
0.34419893601285434
0.2576176321047582
-1.115653617127922
-0.32089384416336364
-0.2097263583954915
0.08026173301420661
0.07832894869269268
0.1642840286146993
0.03736530846930425
0.13236186026896452
0.04266377790125889
-0.35906120851583234
-0.5889665835835575
-0.40370294894950126
-1.1108833099183244
-0.06470566526262507
0.3870169351558487
0.49860260965515196
-0.20360392429357127
-0.753699075409935
-1.0369735438677292
-0.4256877018075745
-0.24878446406309246
0.09319799629766194
0.03179217774112777
0.2523751593566976
-0.3356531409074249
-2.0618522627085576
-1.4205148700543682
-0.6582943019443578
0.26040552933476596
0.2138080326770706
0.6017227079486328
0.13658386806171355
0.04696762640584945
-0.07288106104359506
0.14175492689083713
0.31626397028321285
0.21792541241132452
-0.49632360726651126
-1.1111128353876336
-0.25273755154205224
-0.2827407310323722
0.24285334636595066
0.09501539593177602
-0.23147258711575439
-0.1446662607938112
-0.2217858348067055
-2.235848435420881
-2.2159982786556287
-1.6424103573774345
-0.016816857646805253
0.1581978538016625
-0.38794441546806124
0.27063635970890215
0.46536562707946527
0.5531514720101689
0.2214880104849821
-0.28600104020726674
-0.38013778605570336
-0.08517850142276111
-1.0114059094619776
-2.429757417330597
-1.5525404186681668
-1.5096863252030928
-1.2166775425495915
-1.4861841541587144
-2.5043663033541015
-1.4915391888406613
-2.3535540881529706
-2.3850003221818965
-1.1014945694377156
-0.2933926190784996
0.4162793540822711
0.2778451967413587
0.35679046793922664
0.4481281151073811
0.23051351814944326
-0.505723603756397
-0.5762298432633162
-0.04292238884213193
-0.08230242582376003
-0.24841954033373198
-1.8571151332219773
-1.1045002115975824
0.07538162391615527
0.3355368291553364
0.717645567457453
0.4901957600773658
0.4291446850102665
0.730207549079988
0.9301936954271828
0.9566335604438964
0.9354810373816086
0.4396240809219807
0.7240592739469237
0.9239701164076644
0.9891490133888982
0.27977354072618743
0.4399643232946728
0.5635130821364034
0.5918816207361879
0.35791282993433776
0.5710155061851754
0.3200309538454062
0.5502371618608554
0.5102836236009846
0.25293666511147017
0.6199547820646492
0.24117270553921435
0.32359679408254743
0.3026494216467778
0.2457874445775789
0.5271383958827849
0.6758971568959946
0.6972560625175492
0.25728491821879157
-0.2399533996468137
0.13168856319118688
-0.6806068247830688
-2.2031799739576208
-2.347166754853487
-1.0814398004263301
-1.3746358625145503
-2.3913992364213374
-2.6098141545537037
-0.6911742137883097
0.11873151390552292
0.0555684595498012
0.05402229451202879
0.4011863070617892
0.2927211293935921
0.31944599800921386
-0.8198222907228958
-0.7019200930884664
-0.06827469438605206
-0.06293513635800191
-0.22526332110906547
-0.16187829003954146
-0.4706709979494472
0.07515042270742305
0.2468588814266876
-0.6283469216476338
-1.6438307854672025
-0.9824562661351087
0.44511210013825403
0.29050052337928595
0.40436803241220337
0.5299133370133254
0.7525342795504083
0.4609651900239227
-1.3180184355464046
-0.3428022046703769
0.261723158988805
-1.2616720356008715
0.14750352700301633
0.461689947856829
0.11442306446424504
0.47207991870384447
0.2738110355267982
0.3422223191883083
0.3611235061655453
0.39400166907729955
0.4858460802876969
-0.02934861822777863
0.3851642860994944
0.15430421284652404
0.36953324977282964
-0.10107956825761133
0.2254972368529186
0.22027297955729963
-1.5488601331266973
-2.3837873110248786
-2.1647161466310934
-0.9333659220357059
-0.9025974736732204
0.023268344547668376
-0.13711377167637345
0.5368848823309448
0.2777383585144332
0.4515392959122054
0.0379133054332069
0.24713182790182878
0.18539098841631566
0.25369506254130325
-0.7842660884070551
-0.27350828176575687
-0.25608535473143046
-1.179008703114607
-2.1440136879560763
-0.5596046011884372
0.08133416594432531
-0.3774363566473031
-0.38812559874207797
-2.0119108686918676
-2.0624061241937484
-1.669180352554936
-0.3442379519799169
-0.47363442860184823
0.04203464499382182
-0.5922648436460294
-0.42210026639265424
0.019036165554524358
0.24225392770014928
0.24483056965903052
0.13444251683392514
-1.226530564093645
-0.34856809913318804
0.23364959339164054
0.3043424271137583
0.318062269556726
-0.14529656151675088
-0.3491690143786785
-0.39891928139449984
-0.9600093571013584
-0.5810579815928613
-0.4656874761221695
-0.30106776510580363
-0.27413195926595973
0.0017998677871573074
-0.17478340960189231
0.3400862229986919
0.6054491923316232
0.605347286966951
0.7824925385896297
0.7057314170945373
0.8850777309575542
0.4797458911448505
0.11597224982053571
0.11134889736595509
-0.024231499100705774
-0.4774504968882078
0.21869736357824632
0.1896631200485147
0.30397862120480484
0.5801212417269945
0.7053278093105599
-1.2006871247492503
-1.6495323635949823
0.4037219790609148
-1.0467450230330448
-1.158641155663613
-0.5468588488125723
-1.044963867542586
-0.869537765332464
-0.06741213123937038
-0.04264703146880497
-0.2665820085844301
-0.7191563587596637
-1.1095896720040763
-0.3922248853527015
-2.0512134933629813
-2.4355331524950854
-1.1248741332961678
-0.3029340924034121
0.41333678866100343
0.03925388783016035
0.42001244140235233
0.3207260012694245
0.5086800840984456
0.3236276536408872
-0.07184434361510104
-1.2901567870303157
0.22000633152248222
0.4536408058325262
0.279995913158094
0.26464913081818436
-0.9375403943511812
-0.16010649801991245
-0.2478478954315795
0.18924803971727264
0.4578510193278179
0.10879396820121114
0.34898203057716115
0.24210529415622925
0.1354997986195625
0.004581514402670544
-0.8333231617072699
-0.47415307783015265
-0.467145610386164
-0.1142193118435202
0.0007732019524069322
0.27357440242104897
0.002992386801001344
0.5545720865695241
0.8833278261955473
1.309958977750472
0.5783018853125046
0.8128577477749596
1.343977025866907
-0.3785392972542978
0.5306495921380335
0.4201299185434267
0.6291025524728894
0.07751816562798719
0.002018860176620147
0.353124619528291
-0.0771523555387808
-0.30378747261861866
-0.4724264841741681
0.17270144653195663
-2.5070256746898134
-1.5707576468021116
-0.016230434221839334
-0.1977267848871939
0.4596737632540513
0.28665322180678593
0.634936126644304
-0.9580520354392179
-2.18018548093099
-0.8110496142608046
-1.730056198082114
-1.7392448591823388
-0.23413923387419697
0.26799318229656266
0.5444083759510104
0.2372991805230921
0.13155429707745708
-0.3814696225180249
-0.0014097595352188627
0.4290692783619025
0.32897396099491055
0.3887453683451904
0.5629447173416604
0.6530816980549345
0.24633190213960826
-0.06313507885274139
0.08836048792507917
-0.8919358478836676
0.22703911133881993
0.2555772351016463
0.1923857033060549
-0.4558211013911771
0.3308811013075412
0.39482101275268605
0.07616460461098641
-0.5571691217153176
-0.8764736183022562
0.5086848870535698
1.1107910229766238
-0.3960314471517049
-0.41828776778122795
-0.002981498888078346
0.6520464048200717
0.7575366372512055
0.6344633630933608
-0.35868844656731563
-0.35517187247914506
0.03829928668187442
-0.15443290475319124
-1.3560302006732845
-0.009774987852483244
-0.06639413535907691
0.40784566243469983
0.16046915054262323
-0.36266187343778306
-1.3173477665820796
0.020413416873137896
0.5202523918134557
0.4004606021037775
0.37807570070686125
0.7681172914046049
1.107881484673795
-0.1793625521735735
0.2828686171433334
-0.3848816568294639
0.3118434353685688
-0.19657172970612133
1.014040258159285
0.71691802334675
-0.553025863750708
0.22061623218007395
0.16467843687115105
-0.1689105424428926
0.056531193401876796
-0.3741769900813286
0.6600706335106612
1.0408791385656735
-0.022809836974371698
-0.6550929893765938
-0.9392560397712421
-0.929251870363765
-0.5108460292447714
-0.6605708367116391
0.2855526702788552
0.17890865464053524
0.4444029244184338
0.29937505122198077
0.12141942685596117
-0.45403487589699737
0.31517251103791016
0.1606959303436176
-0.15060637639411117
0.3028834709544546
-0.11773267944336438
0.5596395781733738
-0.17836711717393036
0.8353189816414331
-0.42504822893292493
-0.39221359760427005
0.20604794226260661
0.15016015269698163
0.13117338452692542
0.006788662533445632
-0.4847802162293587
-0.11469038262783969
0.49220136576929635
0.48078247082555026
0.773895722887555
0.6505610801219752
0.28541780872329403
0.5973774774492651
0.6530282262948239
1.1846705147805028
0.7696268354175924
0.5891605319293304
-0.6814794244011434
0.1475127976086377
-0.608366072131778
-0.0174303063406229
0.35224346923259475
0.4509606165300465
0.05653136218484475
-0.8408081531821117
-1.3832412166783445
-0.7818864914054199
0.2583841112031697
-0.05096153202585331
0.19449416176321935
0.40868528932721454
-0.1882805693458831
-0.23416576063210687
-0.05401697129627317
0.1546575309585424
-0.017745114926081416
0.3385373078476468
0.25522779794892475
1.0852360515201411
0.891695817933702
0.865189414371587
0.7933502451382873
-0.20274005459499544
-0.34981459113100594
-0.5015812703062346
0.0410562629991492
-0.06538532911661527
0.21663117985306388
0.6385326935010287
1.0242666410261108
1.0675792367449313
0.9330316160602227
0.9993132724607285
0.6852016745168003
0.8603071883961592
0.9303500033836161
0.6155298678548494
0.4018562179811229
0.2672932448713552
0.06591076297095934
0.2138647992977137
0.38192969473813715
-0.5397323191244018
-0.041621933772126044
0.23653606893637702
-0.2332758830683504
-0.4197622337173328
-0.5564448018475301
-0.28839405795982725
-0.7355335506781981
-0.1712399019660011
-0.14364140331815944
0.31453380560594285
0.1904992960808605
-0.13649926632320628
-0.04688961926662042
-0.002578051631327585
-0.33027222973043624
-1.1453122076383841
-1.1944514580879044
-1.0489385634125599
-0.801245453239015
-0.3001056543355406
-0.22211396180945958
-0.25983982665059785
-0.38092413211184506
-0.36797083921291857
-0.16826742208585674
0.0389944417975658
0.12473556841360739
0.17743708723403617
-0.144209745432847
0.00010698477878946008
-0.01920505839052013
-0.24891209825327437
-0.37469409113841634
-0.5600176910188549
0.3833987100598484
0.5375673760269762
0.3765755115650049
0.32935384839051757
0.3584558197529494
0.17873214616611838
0.45821530927173193
0.14557096517339524
0.5172859975974582
0.7022085485431325
0.46054556619896975
0.38114925925299686
0.35599291856401616
0.200716498054612
-0.3153238161676594
-0.19866242963498976
0.11738092556297508
-0.3101970909786422
-0.24200822534711325
0.014143238198157125
-1.1970874312585154
-1.2435652774604995
-1.6496533618189257
-2.1860997540678166
-2.0644599796025216
-2.5666381750000546
-1.3812293807320928
-0.4791165576164799
0.06870333221248216
0.04261298768834565
0.23145012577838353
0.1254764273593523
0.2874711848567191
0.35204179426340426
0.43158341761154323
0.25948575917269645
0.1280985285003372
0.15973265974476383
-0.07696409050001374
0.1435102803108733
-0.34496187599031025
-0.3662792794274629
0.4655303042962213
0.14034754430236518
0.11645986402238856
-0.5853300084276674
-0.31869170764118665
-0.051353610026781245
0.5605677342931118
0.4849410264920431
0.563898124015739
0.5889489559707393
0.33427423132550904
0.3808476434102774
0.7840163648460725
0.45245489762705143
0.0907414204195828
-0.08833572372106835
0.04327416864798279
-0.55096043260312
-0.2852517011790543
-0.7438122469338293
-0.2678894467288573
-0.675668916737661
-0.5608765199796046
-0.7026493046553827
-0.783025624423057
-0.6731594349421279
-0.8617792247731572
-2.072803589577438
-1.063591143459086
-2.1502863474635276
-1.815700404594542
-1.6871659299200181
-2.4143972546413592
-2.325064430366991
-2.306420571695126
-2.624657770875681
-2.247125623579198
-0.5648833747484175
-0.10475918294176974
-1.850027341952183
-0.6187628846870398
-1.7508708422419819
-2.2889211674434655
-1.0187619542523032
-2.41839490786295
-1.3897736717518172
-0.7764137163560147
-0.2658691583386156
-0.5588520421814188
-0.9733055841360975
-0.7173760643587757
-1.2834999814473054
-1.5961524019351558
-1.2522144767764
-1.0580252803336772
-1.1987344893867897
-0.8482609274063907
-0.15092049883350414
-0.2715010970945179
-0.26500482412248594
-0.3266995468817509
0.19035461470739076
0.20572067535997396
-0.12925749349414734
-0.1496094526534274
-0.34901454964034656
-0.3335554054412461
-0.185203259444097
-0.37200387585694084
-2.2852941616990665
-2.336563972781659
-1.2998156489264057
-0.32934475754370324
-0.9011951822528986
-0.7332921701545992
0.02065023959489689
-0.11240572102596544
0.022262571273313343
0.1370807838051689
0.2418651733263237
-0.9154804606541891
-1.2552979284431136
-0.6598320339718287
-0.24072254118316783
-1.046792454211788
-1.1664972613824662
-1.3162606576851998
-2.597709982345059
-2.346316782901456
-1.2903954821113088
-1.0951481806119165
-1.1436557061202097
-1.0373834156988153
-0.9317816097302258
-0.2879770973901957
-0.03073087543701975
-0.709258810551003
-1.0975246058429926
-1.3460120734848755
-1.0332378089082908
-1.4730646013267734
-0.21261765987217668
-0.24119493668281142
-0.941999287431199
-0.10957390743958398
-1.2136308554553787
-0.31974376553498385
0.03519059895020469
-1.181852853713517
-1.0323856300764447
-0.9430425514771934
-0.46189449499420254
-1.123021977726459
-2.0496317613809616
-1.1401131128286817
-0.7169090853265355
-1.1450045286559039
-1.2992220944669413
-0.6151582840209099
-1.5976847512008046
-2.4521709012864075
-2.649451674541563
-1.2730780137285445
-0.21051983109713568
0.04229845281342261
0.5627096283888982
-0.23222376945403628
-0.7967947342171016
-2.5823144982194797
-2.535159323650067
-2.7437358614003875
-1.5893548843352494
-1.4496992144014371
-1.2347234728686376
-1.3529127612204712
-1.1842764043868002
-2.086850758430559
-1.0977052260571043
-2.0344979319542853
-1.7321685262968054
-0.4784086045013138
-0.10993948024443097
-0.3126478525077443
-0.5702728342643846
-0.19896332185221322
-0.8604743060687915
-0.760251797347084
-0.5401303403152612
-0.8068317523778461
-0.8142985574280855
-1.1468428030682702
-2.1906899106117272
-2.432975874877553
-2.4033225369353803
-2.329233105374486
-2.031849251486626
-1.4186144280163724
-1.2921205411573788
-0.6519621172891549
-1.2818412437059874
-0.9475827839278427
-0.6483610492033621
-0.15315677570944408
-1.2695724010750675
-1.401751117443977
-1.702042660795552
-2.4740246623860203
-1.3569967732768535
-1.4273317943840103
-1.8610934147568463
-1.5722329693335264
-2.4710400697219512
-2.6876701694459104
-2.420720935067101
-1.7788700749791408
-1.497108879564733
-1.6736576340034552
-2.3902820508975116
-2.3788090615999073
-1.4205168195929607
-1.2535466464176896
-0.9603603795003004
-1.1561773860230058
-2.2926554811274342
-0.7660657732890125
-0.6727551147252052
-0.3977643078023862
-0.43427043044444846
-0.5086542395418041
-0.6962867711531396
-0.26445939315705874
-0.7633397450564763
0.03327647742598162
0.19874768286361635
0.26454815688609085
0.5902996374913513
0.45062480250321707
0.418600563972017
0.28689404136834795
0.29432888887925185
-0.44277932936020414
0.0056751580928656635
-0.7057918986929559
0.2956012133511004
-0.36873584741152565
-0.057778838164637414
0.09321169770392783
0.21384481733441202
0.03976213318015444
-0.09713028635836041
-0.4592697278372257
-0.7566845390569632
-0.5414405362751706
0.04089696655631577
-0.35465624874598
0.15460089748822914
-0.4556412570652589
0.08031145955936839
0.23607329743482372
0.23518393409439003
0.1938824255534903
0.23744385087121264
0.27759696702172076
0.29854327909384
0.19407927716000134
0.22659545190282768
0.15940913258113237
0.15082562624739437
-0.9928173424705193
-1.517958497975171
-2.1658832047857355
-0.8988975713688958
-0.9894537037762668
-0.8149131382173589
-0.06331679075642054
-0.039340856375052566
0.26203509242998546
0.07987013647122597
0.013777613704598644
0.4685504596636642
0.384822404431612
0.08522920544399075
0.5139684827698762
0.06125303776707398
0.08260591962966575
0.20466396488633998
0.7848453271535498
0.6005014220548068
0.16271464251263024
0.23171792766992633
-0.6630584606472147
-0.04637294647505101
0.07421459579271054
0.3406064979540554
0.3036238371404518
0.2139903281029293
-0.0035404241102271155
-0.10787503284077968
-0.010052347075369531
0.04394333345398134
-0.05103172278269735
0.292820209500386
0.36456720727092795
-0.6550207248573875
0.3473070045848811
-1.3204019578879431
-0.36180801479713537
-0.1052918440572786
0.3613374321561611
0.2658053513826602
0.41693305319537044
0.2682384395217669
-0.23360133714635495
0.13924501213251528
0.4636320935184457
0.3942410764201129
0.2976590070117572
-0.299881078489653
-0.8944633266153885
-2.1594804496740116
-2.6173913955533408
-0.9705611681597089
-0.049817294746625405
-0.12033755573454466
-1.3422844197285104
-2.4447693625214093
-1.9901390116853526
-0.7576351405073116
-0.734270069769926
-1.0594552763392924
-0.6955377057437083
-0.9022103365335726
-0.36512166177823063
-0.1670007559674138
-0.29936611441412003
-0.1979758781532847
-0.21049591766844983
-0.16083511173843576
-0.14105785925872996
-0.19342536152189976
0.002901626021648739
0.3417354030697272
0.17846135221498297
0.08617080767157491
0.8403348024718723
0.8573499539341263
1.0521034776026874
-0.25735490923930154
-0.2535393855611572
-0.110142599365301
-1.2324771928980405
-1.9802508479049084
-2.4828998493713796
-2.6525159160226024
-1.0969113436563582
-0.19613942551843072
0.22259548406941593
0.16064078357777314
0.2940587025840055
0.4701203579476147
0.373587398857367
0.5017584748910472
0.22805823038403664
0.6573586034317925
0.7039568004510923
-0.11167704106701326
-0.3900896648328845
-1.1401523644911788
-1.6482304116887803
-2.138664696035549
-1.9148406642038547
-1.3440472816282496
-1.1644642522882112
-0.9003094271519516
-1.6832494679935126
-1.3707217699069374
-0.03965513103098249
0.0596833120207868
0.5284296605507908
0.17354699918535482
0.03274264947613522
-0.04111162135128935
-0.10326077975212597
-0.20314324786898985
0.14848160679991657
0.3675878266187348
0.24677314309338588
0.24292182282904157
0.06708239164460023
-0.5898184450636663
0.49718918806447404
0.5211087156886159
1.0561056713662456
1.1227816248032156
1.1190786687640086
1.0386376958280126
1.1139275396894297
1.0567187601240837
1.3685523680608653
1.231155267151455
1.130339646583759
1.3662067295677787
1.375167952535349
1.2909707241297335
1.2376365121899644
1.3680580331547763
1.5121083551113998
1.4725090990860221
1.5644188227435516
1.4775341460113884
1.533282116331426
1.2572748018767124
1.6923311315357417
1.5750360131758578
1.4703433629719913
1.487945470149078
1.365663812709155
1.1780663893633476
1.2846426844824308
1.1949458866326519
1.3127495298079175
1.5555222752679703
1.1205914191381101
1.2453237430255937
-0.019038833301994195
-2.4223849042003267
-2.5635021170579066
-2.1944620859255433
-2.7254611314404813
-0.16630637731831077
0.23048380156631504
0.46385460201678497
0.12614677412065742
0.3780986206840292
0.5369508174415294
0.5891164204571678
0.8599745137803944
-0.024186622657717056
0.23974257376829278
-0.16591023543685932
0.177785447438896
0.5060218727616511
-0.2637609336018697
-0.5060384482951603
0.17153767767353095
0.5748373919642074
0.8019522782214775
8.88660389065047e-05
0.41446380105770675
0.2458784145925728
0.8096684524956719
1.049166970603337
1.2492587343132078
1.2725249609438332
0.46668059746382207
0.818508312959681
1.3053917998946876
1.3547485811176254
1.02411582317744
0.8970807955782878
0.8271607562798329
1.1033110964580661
0.8028305423806645
1.0360603800840151
0.982647894637097
1.3175952366750492
1.2267938671778413
1.23319475630498
1.092471817980611
0.4711011350203965
0.8092231999866231
1.1279746997292328
-1.702823321533172
-1.2006003210850524
-0.9049843538177275
-0.1331531644859751
-0.8659373341357707
0.07189835692864847
0.22722193322261341
0.0010708176581690869
0.7807718084064041
0.8505268251082565
1.1573348415569118
1.335997244078721
1.3558470241431697
1.2126516964628735
0.8063979057339453
0.676729900491354
-0.9046531059009817
-1.5442949616336563
-2.2946677287810218
-2.0405782417498073
-0.01326019592763689
-2.1448544564515104
-2.0905037496679646
-0.7098183243319949
-0.6057780542881338
-1.852328368362969
-2.5772231634914524
-1.7229804759580767
-1.005836360420888
-0.3884725878588006
-0.0659984771090199
0.11796905267024799
-0.07139801227725641
-0.5023783786770157
-0.5289419490943612
0.07766316725534551
0.4378946818949897
0.7267774302763197
0.9341594888156003
0.7688201483810316
0.9175922583951864
0.8578239278189131
0.9636032610811536
0.25942245233704725
0.5836979665441631
-0.14583966896825457
0.44171054509616836
0.5468632713684193
0.3861911755437173
0.6045138167339805
0.9367143567714057
0.7601634998027814
0.23167889374529135
1.040254839780682
0.827245726709763
0.6602173725874991
0.0374056127211337
0.2946456149314041
0.1973457234464587
0.14798117396656874
0.09669777971056576
-1.6085739954198566
-1.1019188289521227
-1.7864537380816743
-2.075290941902659
-1.3301054067534672
-0.9189636391372714
-0.9257155621528054
-2.486463963731759
-1.1091724395207267
-1.149610961375293
-1.981213161803114
-0.327676376424873
-0.21163370702241058
-0.2573160163975817
-0.41715378048386376
-0.9766458561387676
-0.9627439702491698
0.0006193533913567556
-0.893638024898044
-1.3447922920297344
-1.7229840086999082
-1.4424661574945452
-1.4983830410069654
-0.4578569529186463
-2.1174455329259017
-1.1329508302932685
-1.7847254915392352
-1.2454109730984435
-0.053333901860995556
0.9146711313132933
0.8155490892227396
1.2579693193106036
1.1876764011245207
0.6631047282720973
-0.38596403928417927
-1.2001908015973872
-0.6052208430609488
0.29451901552232196
0.9176007843494562
0.9080761459485268
-1.466230320109435
-0.29203658257810666
0.30568647409059235
0.47795859165346744
1.1932176056732295
1.217720767873654
0.9485896892773483
1.6106307303281815
0.8921234364617293
1.467889104377672
1.1913473990706809
0.9973813856653608
0.7241966852396308
1.0384335960485696
-0.5992223629339954
-0.26371024133662685
0.3757563232951806
1.2803352406096091
0.16920111304693014
-0.5358823525223194
-2.6096450310990997
-0.7968411275208949
-0.21677932216211088
-0.6263172991082907
0.5344762824543835
0.5232992587549071
0.25984393391851685
-0.18246673199332694
-0.2662091865774954
-0.23003743527676362
-0.2729577565499177
0.016095162648676126
0.8010341613534564
0.413771592747437
0.2757195085102701
0.2371021133101445
0.5955656593661771
0.4281530175187465
0.2532700759963483
-0.9869174523972712
-0.7543102367804027
-1.363985841700405
-2.2185289126998713
-2.3819372189324555
-0.8382883383796462
-2.189368040647814
-0.736867421816979
0.5571410533730313
0.8510643124519394
0.7534089649397826
0.5135191712813421
0.4719993209580071
-0.2807891624947736
0.6261028340811737
0.751531801714895
0.24915549877211812
-0.9634926849155991
-0.3234446938361045
0.023493075556703876
-0.12027673710126861
-2.421633887223996
-0.4580955337106321
-1.2430605278973546
-0.2844671774121248
0.42943051830864487
1.051472224014712
1.0780107732418187
0.715235309593151
-1.0162366926327313
-0.33226981959156593
0.48362643319105514
-0.046836637023584524
-1.611381697133045
-0.18670917014981606
-0.4532767793467565
-0.9935031857481557
0.3857494471315897
0.2551332743805405
-1.9402863824714243
-1.7375382246124518
-2.6875168246085006
-2.4011741594232694
-0.8403289048577064
-0.7150730249945436
-0.6055072811797033
-0.6223157244165299
-0.36763592608218404
-0.4640395281529189
-0.34943952541212536
-0.22613457931149017
-0.5627532390076995
0.03872421525131043
-0.03739973844863653
-0.0289864346103126
0.22738448187667107
0.06938263558891113
-0.42677788948203826
-0.1325764937732371
-0.38548188943507217
-1.4881560932017894
-0.08260660523343914
-0.4354212776192799
-0.5068603835755164
-0.18621458160119894
-0.6349624627991683
-0.4510207875185813
-0.06526004743486023
0.5243794506192538
0.7241255373664138
0.8675432339786854
0.5433476165701949
0.9119320225805879
-0.2305685550318897
-0.24517399675569307
-0.08813874803106529
-0.3339010844863597
-0.36067971969516255
-0.0889116570923508
0.2950845757799119
0.023440978775074575
-0.3334657974257051
-0.2712650963776913
-1.9246989080382153
-2.5768085599599435
-2.4995510646886436
-2.592167397386377
-2.5273257804349174
