0.31962340507545617
0.22533360860292856
-0.17590210135479117
0.10820289108918389
0.24331304405763748
0.2557824670721677
-0.1266251534771717
0.10748248985506768
-0.05288529411913137
0.23376607262538884
-0.6126904357792974
-0.7728882740544539
-0.3873554838175765
-0.000740997926510098
-0.23097426747503635
0.0779677690540829
0.2502192376423159
0.32300964767450774
0.17016357881183225
0.4589239166646654
0.5545930890206605
0.34470130952129585
0.5872779042432857
0.6792106518242339
0.7086469875785893
0.802430840674852
0.8130195235255108
0.5002054937443896
0.4137446944147648
0.2535394665494934
0.12626507513117696
0.5025848858494235
0.4475528704755943
0.5107567197907843
0.39575197595176786
0.16645954480992636
0.45613121625813924
0.3250670718163999
0.3306562802841829
0.5058549770494585
0.5110804367023387
0.7200351255944036
0.626592802285314
0.29604987303504016
0.3162662898572069
-0.027479683414162098
0.3300941375013369
0.5302591908909402
0.4961297399610146
0.37541851773635354
0.2693663683333761
0.2529705353615459
-0.13118198136216971
0.3595953350590779
0.08430395006244377
0.3165739452530556
0.37279463753051323
0.05125185284290394
0.6319324456909432
0.520610228934092
0.6466671385155179
-0.024149713677672546
0.028349551015477162
-0.011112010047014897
0.2013975738019628
-0.1378925697415439
-0.13726569604204333
-0.3009279609469235
-0.498228943226518
-0.38109543828516357
-0.146087749773739
-0.3159633503955794
-0.08310545480316053
-0.0401382859403239
0.5271856627249947
-0.2890554297070678
0.12713651911171236
0.3902402662614251
0.6030511711846855
0.4755905132499338
0.5501486080702811
0.6524116267089656
0.7346732768951865
0.274096303963379
0.6936444667207144
0.8529240074418987
0.9359390038905651
0.9714442326610226
0.956209698067698
1.0178245824071488
1.0375896883265396
0.8928410702283144
0.683704944403772
0.8438579538763158
0.2422236365866756
0.3562085635394344
0.48532409811625743
0.6777486856767645
0.6145633485019163
0.5151499534171573
0.674497050408048
0.5920741324472094
0.846607712853467
0.5524515514059927
0.5511059696838974
0.9040033048090937
1.1079922102834523
1.1739193998552175
1.1482488095438832
0.9796393681142721
0.9500696544010054
0.8139868610383214
1.060052534697716
-0.2228277602957453
-0.32797769650563113
-0.32202418534738275
-0.3252425444870812
-0.45613716082953504
-0.1524685871834106
0.13301522710268254
0.23855415591172263
-0.058005718523407274
-0.30068918834702424
0.19353617966729564
0.15586234588376202
0.21279913104653447
0.44400104349209835
0.5677695457368439
0.6817508540713413
0.4151973506246745
0.8059340892856106
1.2112184769905003
1.1174909663685328
1.0587040761441546
1.0443617603664275
1.2547647716798216
0.8628285407416045
0.781536979292141
1.1656791530528965
0.8468321811840589
1.0646736836993302
-0.8807004396668061
-1.3880290399494628
0.3221008505964531
0.8424264074792694
-1.1883892055318133
0.4977659659080511
0.275078745228219
0.6598429455966666
-2.241360014026939
-2.781069601736238
-1.4965524983815082
-1.0764434160248046
-2.363723623165766
-1.7009977882462377
-2.663244612350655
-2.1552447949571114
-2.084034929841348
-1.8192432976208275
-2.219948397793582
-3.0104672899340645
-1.7300351098297946
-0.5582811409235766
-0.08496262936477506
-0.11737355815716646
0.28745612454431235
0.6068073433448765
0.5333678453358836
0.722452043509014
0.8095761542407391
0.9426843049150221
0.8113793520450223
0.48750621124073634
1.0149244319621138
1.0800860222234812
0.8225344393862681
0.919493245580913
1.2064417102792553
0.6104968582113122
0.933393903397961
0.5749284232130917
0.8628141514062824
0.9982407248056304
0.1478672482071356
0.6129404584446971
0.8048198137518787
0.9046069026534194
0.1970519594006624
0.5029295906843796
0.4108426652290339
0.5856338305201171
0.8134553389512544
0.8185878447677579
0.4379095380974463
0.5847165773658811
0.2080873533816445
0.10209260954626898
0.2752835973678386
-0.7392215517067624
-0.049436450457294556
-0.27107263605032833
0.09060385331439727
0.09558770608794818
-0.39988529409415696
-0.5254842410990839
-0.2598632802882885
-0.40365485796164324
-0.1805019170753387
-0.5492671964748954
-0.7655537519121547
-2.4701571091366854
-1.252112204815463
-0.4547636069655251
0.17992011835020177
-0.276358308524655
0.2561268808936677
0.2666755531130454
0.1928351319858927
0.49838963592829866
0.3803066811347557
0.5150046352573358
0.7426745947660174
-0.28277380779326844
-2.1629927947126486
-0.7088962943921336
0.4771350543983604
0.0801459444311533
0.8449106353152865
0.48888591989672675
0.1039490020528335
-0.09018783592124882
-0.9689324805669037
-2.1283283686235137
-1.6153506223910916
-0.763340780476615
-0.5707046462766395
-0.5261818374156839
0.057525238211947806
0.029126058725872525
0.09884072198866067
0.24307419884790685
0.4807177172924687
-0.9034480013260551
-2.370592252961749
-1.8320211013377907
-1.0839000174843858
-0.9355186103887394
-0.5032909174392488
-0.7381442187566956
-0.2618154896076281
0.29559967599370696
0.7332566245092168
0.14129347129196881
0.2447778661451379
-1.0230938220592312
-0.2411987393272389
0.10756239952253274
0.5818332501406966
-0.5108338052108451
0.1367950502357965
0.1829437158054329
0.3363190567327488
0.6820267076268174
0.273136730063617
-0.14607410474614924
0.9363804094768318
0.9536567052279233
0.4604040831482465
0.46565324375355976
-0.36915665882111415
0.24776700639840496
-0.3937392021147522
-0.044930038719981635
-0.2575604908372621
-0.3362413018585505
-0.7707290397303157
-0.10174457878673168
-0.6213624339393613
-0.79377531555075
-1.0620889221718572
-0.6471023566013308
-0.9379833986495445
-0.8943039093171306
-1.105005709657274
-0.6955789779303335
-0.884808094444695
-0.5923411225506812
-0.2548850497612534
0.1018000443696515
-1.3218693792633007
-0.4371226320737678
-0.6888067157486272
-0.02248012033750052
0.47854836495514513
0.07214529720992248
0.2871166904567213
0.26542429274921076
0.653499609123265
0.6786427575120751
0.6877722192531175
0.3043410688325814
0.5229781193634508
-0.045647401263902654
-0.6404358825545909
-1.6206948361006674
-2.398030132757438
-1.0717730515330977
-2.6258808346895752
-0.3545692482681768
-2.5515438064401983
-1.4589454017540802
-0.273244431724443
-0.6193341975080086
-0.17837950018330412
0.37712744921992336
0.2594340838676572
0.5560820539197293
0.740853795084003
0.3261521138627326
0.29507605947069515
0.26271029893663733
0.3614434532073773
0.5687982084424832
0.7237926557671532
0.892011652458796
0.228997103845969
-2.2747212488541333
-0.5898916496924806
0.07834057117697579
-2.2628405242641056
-0.18569594502519393
0.0542640692172782
0.24843023162004904
0.10810714212688186
-0.09699220471866765
-0.16661673098727753
0.21014001221603784
0.41004085916913163
0.5671233454082267
0.37330927884874376
0.43517321999126996
0.19636588093007037
0.6788928139385325
0.8937099409499767
0.5176818399402492
0.7886003827524072
0.9186168680823215
0.5080028895110364
0.4691432374769045
0.3569886381710544
0.3066390412509523
-0.037502953905481
0.2542266506680687
0.4568731614603313
-0.5322314402728154
-0.4591002987936246
0.30205843386716513
-0.43719237675978484
-0.09938582683334579
0.9773630634228829
1.037063776670974
-0.4156459008794212
0.05566886411860851
0.6462654437524429
0.30321510119042216
0.6955219306909691
0.6812335330833744
0.37038389979185227
-0.03056767041382033
0.7380582786431206
1.4581011439483333
0.41171551515465993
0.4753729384574388
0.6792245528905072
0.6810172287627316
0.9098036794208741
0.7268134524786842
1.0948927851543229
0.8101384887180256
0.15382199073333974
-0.3784590690517418
0.2951621952738811
0.4621216616787913
0.6568009109092732
0.5448359332475508
0.22078896029190578
0.5189558392750326
0.8777168161019129
0.6193871526619013
0.716164201311041
0.7684936562776428
0.3498485683815578
0.5536459068184586
0.49400139429873785
0.5482716350102845
-0.3430631315353446
0.294226774863383
0.5512489599684243
0.6308209817328475
0.4038870841995064
0.12702388554634308
-0.5402279610527507
-0.2962824735376443
0.2091068037411905
0.4595836093845861
-0.3192195825340198
-0.04591083774820817
-0.02426800493768394
-0.32077081135700175
-2.1113845584157187
-1.58942294350777
-0.6559247927588128
-0.05541033889454047
0.21624149515030927
-0.1792982166386829
-0.49692383189062395
-0.47315311178022357
-0.050641771569987865
-0.1383049577133082
-1.9245203076394217
-0.6463376142831594
0.05043761581627961
-0.08929130196932591
-1.649168396926807
-1.524483348610464
-1.559885995651927
-0.912569487465797
-0.6721701622902772
-0.8121405519998297
-1.6605108150370258
-2.083270397988644
-2.2529220078773258
-1.8399653140368657
-0.8248396357727881
-0.3617427815340488
0.07369157219538124
-0.38535856114639633
-0.4507419444318769
-1.1460564107751159
-0.66696314806724
-0.1373803640708773
-0.765721849327622
-0.43363238024699857
-0.3963675609181333
0.07278977931238366
0.4062774821514383
0.1428124950207952
-0.5137483384827377
-0.08684299905882728
0.4209250730479734
0.693994694323393
0.7843379327637424
0.8064568455925708
0.6780531764217768
0.7775182257686919
0.8265601895665082
0.334603108310945
0.6869166866404652
0.3471231669631981
0.20612517788983015
-1.0352374750763618
-2.1804536122338742
-1.2130828536298757
-1.1107279151163343
-1.6927433870433384
-0.8813385357419138
-0.07094888824249787
-0.5856064720442058
-0.4670363293904176
-0.49179316227238923
-0.4873015366968838
-2.223005406781423
-1.3700983234132946
-0.5644472634268108
-0.010961824004949744
-0.5178128798586242
-1.7961163076780626
-1.2863737854151787
-1.2381527291069916
-1.7805172252383576
-1.7585518941715266
-1.3662507294508315
-2.0616719062101923
-2.4734073499186455
-1.3789955234372908
0.23056648098325586
0.27887374705309975
-0.02987795583565206
-0.2292419988563696
0.31376100039209853
-0.2101061888900213
-0.09403247846420981
0.47956208029859365
0.4416723255186539
0.33204941517835196
0.6387324691826382
0.37985293168518713
0.5005591401494167
0.45841542068095764
0.4744062203070448
0.5115106361066651
0.021000840564826567
-1.986450300082121
-0.8759209776674416
-0.489814298671581
-0.25481668059039
0.02176464313128562
-1.0989468746201914
-0.6757549695612577
0.18128332600364383
-0.24953136575845453
0.3660927077816763
0.666362343878933
-0.3938045543503592
0.6357712516059547
0.7611964693163111
0.9254069567183144
1.119365518361578
1.0364114969576526
1.072194666850677
0.9257607415590663
0.8687924716596281
0.5555336279534508
-0.24998273228381035
-1.8394779976999505
-0.8819054547198126
0.26388250846119765
0.5884868556869587
-1.8813474164056385
-0.5900039886355725
-0.3762237721890128
0.12680881878338252
0.4314874458068673
0.41515187673120335
-2.1242414810312336
-2.5313244525334344
-0.37244327590763726
-1.8455727653454599
-1.2061746441410721
-1.9784128838382253
-2.715539375540851
-0.30361477101221024
-0.3687608727287486
-0.8621947845090326
-0.059186251683421426
0.4282224666510774
0.49314010128619323
0.037350331286715735
0.4150584733338998
0.463124587382981
-1.2619785527646348
-0.18182496462585607
0.1797994621809916
-0.2662718032322799
-0.6720680331008437
-2.188822303745997
-2.722482845652511
-1.9356107655202779
-1.0481762610707746
-0.6066673294058494
-0.20633018733760394
-0.4246640952877847
-2.127874857861734
-1.3000645103253334
-0.1508977403311041
-0.03130953946855872
0.3546505424622556
0.3875730462483518
-0.10362457314789619
-0.7214986348099849
-0.36741332397652976
0.41619548632531
0.5797112444722168
0.22922566364014363
0.46126750115190174
-0.10247018794260654
0.26784833123417073
0.11505475059728348
0.15028392318738348
-0.08718606203956958
-0.3268561744617222
-1.5078322924849556
-1.6534685035189998
-2.1914183579017883
-2.2282824682508418
-1.3632315179667511
-0.8494506857490219
-1.6286223328401463
-2.103157029542527
-1.269245157857251
-1.7529895361777383
-1.9569185673151015
-1.8806946680103398
-2.0978361404179946
-1.4716022281843386
-0.16575622950250102
-0.7895449453677403
-0.374925276514709
-0.19219560274916747
-0.8164934948155724
0.4808670058915945
0.3155820045200829
0.49568131599436965
0.9673769706768013
1.0607183409716776
0.5798357963928953
0.061039386184890666
-1.051946181118102
-0.20062268107469067
0.28413572977320195
0.36043729023289556
0.20734457941570666
-0.3066333038902328
-1.0630306931633113
-2.0787547809365887
-0.5699824295623059
-0.7945345139496343
-0.8839073535637607
-0.8008009150235023
-1.584441671128865
-2.3973185114469326
-2.726857756605088
-1.2965468690737416
-0.9174352529620502
-0.789542574286554
-2.056410074996703
-1.2705789117341428
-2.3095253167636836
-2.1435527875993707
-2.187049616525574
-1.0736585039226931
-1.091205269847145
-1.6229168652105888
-1.5786796203538178
-1.7930405860075884
-0.7033865904673466
0.11345501553990169
0.3725895258764543
0.38691902540236944
0.25403245392730167
0.3930256675039861
0.3676394828274754
0.2964687035317566
0.3660307455734634
-0.5985475486681785
-2.778923181041102
-1.1915100303784043
-0.2552548718487708
-0.8516502249792846
-0.7537563879730629
-0.669320404820612
-0.24680329876284124
-0.8406085744477377
-0.9597611697015604
-1.0848967307664354
-1.808987118459263
-2.79713563373157
-2.666208981447255
-2.0836646898107696
-0.899857150880552
-0.4803974164011451
0.17900583276448528
-0.25180305580015844
0.05425203268690303
0.395383594881495
-0.46220121312871254
0.03186923022299555
-0.05709234226129875
0.5367904740318522
0.12133908679973764
0.6431953114193703
-0.06695802313907015
0.4874450457839798
0.6027334041844526
0.05575542725997191
0.4425071656212974
0.5258728327851436
0.6205739531661231
-0.4170851710678849
0.08623625484226972
0.3397966280669626
0.44380247432884073
0.4799598746897651
0.4053546860218161
0.3071926779374068
-0.08519761214375049
-0.4891893755836557
-0.2157988897203016
-0.223552936695879
-0.06728331534152973
0.5027977637232159
0.6778938859541934
-0.1315599006205468
-0.3073738876742371
-1.8001255749337033
0.4095169686689393
-0.40041848730162777
0.47000721343238183
0.23992247385002355
0.16987532159095478
-0.505618827311267
-0.7585460066942548
-0.8037377408367794
0.00978838386070735
-0.3153920489476133
0.02606256198499693
0.24051227211240797
0.49088543703619514
0.5322601423687208
0.37264867222121356
0.44791101764232905
0.25007325722114515
0.3342051253981728
0.03796233038448929
0.41332999544531224
0.32034783486738083
0.440217347774985
0.26022050057618396
-0.20322162307165226
0.3200693265432682
0.53405312563154
0.34374089332601876
0.23975297437552057
0.03503432386574788
0.47149615444306087
-0.013896784318114766
0.1628244567962348
0.31869917309874574
0.17548843939779574
-0.7451204718359469
-0.32461755998849307
-0.294094957030966
-0.06327572143684579
-0.13798820026021466
0.05660407590374388
0.06826410387224066
0.051086484811728755
5.207942707713409e-05
-0.37433740706674923
-0.5865853581964425
-0.18955515592994887
-1.2157854953191445
-0.1603640436818624
0.6343754954294698
0.5090515610960937
-0.32894488588750764
-0.5462551442401273
-1.0656787659474558
-0.5296395966944245
-0.17132322697135222
0.09961815486075201
-0.20319240466735095
0.2490927140644636
-0.35108184477430726
-2.467391736170897
-1.807838973358331
-0.6148515764676862
0.22056986359675568
0.23855808171132042
0.5916940049142307
0.1969878859435631
0.0346922282762835
-0.12775863633733364
0.13554275175175604
0.26101213434846804
0.23021690003139333
-0.6353409104937133
-1.4873570532690672
-0.3546970739513923
-0.38130164535747146
0.05651834316474683
-0.004400435081671802
-0.1659909996158706
-0.02616298887341198
-0.09897039141789954
-2.2336916879825743
-2.229567547423384
-1.634193141390915
-0.10853813700050574
0.27408977507854776
-0.12922754030631828
0.5035571603869726
0.6047835711286659
0.5467176508849356
0.319960208081971
-0.36548440618047034
-0.5044881320597784
-0.10696017318532264
-0.9245249670983096
-2.40963250921673
-1.4519546430622314
-1.1152788410114935
-1.0032736550572887
-1.5178427395089975
-2.0751785174582094
-1.6430701073636533
-2.0239226304678426
-2.281070148403516
-1.0402884898957316
-0.23627250094242253
0.1628131226724875
0.3144634172877737
0.4603844460054927
0.36377348345314753
0.25933755649373613
-0.9519900217846273
-0.6944651445734342
-0.029348391926269368
0.0770500780207879
-0.42329041066038764
-1.9387121165585985
-1.1591569404260909
-0.107532845817538
0.2923054438537188
0.5892441348498283
0.5204967547739797
0.44078856959563406
0.6481240158153606
0.8479925077191979
1.2149288103775422
0.9564293597712574
0.5401962950255084
0.7637877540229568
0.8295881749126627
0.936461107071149
0.2876869233627807
0.46395833669351955
0.5640643702343868
0.5879875826422218
0.5398420868591726
0.5165406497191651
0.35816720697837545
0.6049453114693932
0.6033103116843568
0.315604047869811
0.6392315932473704
-0.043764452648584834
0.40057646764788074
0.3956245206406396
0.10733565666152199
0.49314988712410995
0.6871290170215202
0.6673558115683407
0.3076900873535099
-0.41141035747907295
-0.23167068328505935
-0.5871494853029546
-2.0328055964664014
-2.43712658828944
-1.2142114784613562
-1.1901436383764499
-2.137801122907268
-2.5539423870354274
-0.956153921151941
-0.09816293949520533
-0.2732926387472206
0.2318001858960405
0.4548404238413161
0.36691314577996226
0.27286819617091784
-0.9782744973002728
-0.7506664284356029
-0.14107606866484562
-0.03292438905107481
-0.10255643421072527
0.03582530986880893
-0.3873749620676782
0.07645197851613728
0.07683912967217668
-0.8311732954156906
-1.8808003780130562
-0.9929488972898042
0.4486832739953573
0.1755434343078433
0.22153362210361227
0.48918477745147015
0.7200118245364413
0.5446747562696737
-1.3796412407562013
-0.41769120151619576
0.11829512863699627
-1.337200562467808
-0.1958391896344039
0.3427182801367712
0.02873088902737908
0.5188933004001647
0.27664374498216826
0.35843153631712543
0.4655599096347144
0.4638390170241586
0.34100885364026856
0.12106377165218314
0.586082038320821
0.11679224155977068
0.24013883849485118
0.05454861383665412
0.39445749660913554
0.3340915444644187
-1.6861187363575496
-2.762386801190805
-2.591084888617406
-0.8808212653498773
-1.2839633828722783
0.14402178854591302
0.009939799865972293
0.39379074518402973
0.3351277826011513
0.2569715732950443
0.10634001367024243
0.2621296208968804
0.18064590400286573
0.2801874987546059
-0.9997920724534977
-0.3473666554122019
-0.23602359281891372
-1.2127765479851347
-2.3267307390961545
-0.8797861956451858
-0.11014432085989626
-0.5177359138650148
-0.37168826431407964
-2.0565526329096224
-2.3477886948155815
-1.4613777546957165
-0.29523221336787253
-0.3502564510242641
0.08310515200360839
-0.33260368914110694
-0.3970160733716843
-0.02058907798479248
0.10014823655077434
0.1604115945802756
0.20543255128912646
-1.4930731276062459
-0.3256821206336898
0.23637989912680296
0.10735954741972444
0.4185076392894925
-0.19506427582044644
-0.45440833613726117
-0.48758952776365716
-0.7319149867825044
-0.5794212854860449
-0.5835041448158866
-0.4203445230959393
-0.46710836920178767
-0.16513348865239513
-0.09498567548501954
0.4800213814315451
0.7975058966275964
0.9324073730768353
0.649587791058512
0.5871686897411141
0.7537858159111349
0.6027230770300179
0.3239488560973943
0.3402026884026064
0.19857874297728892
-0.5470330313330255
0.21910294495561344
0.18354626202249355
0.24634278975845797
0.545409934122992
0.5245314186443195
-1.2798271272354742
-1.6324458115528637
0.1422100955398886
-1.0629246865964541
-1.3429365663636612
-0.47503100030918044
-0.9267782985087292
-0.862209574168745
-0.2673284376073106
-0.010457828692020193
-0.21742886744597917
-0.6492529590621354
-0.7779078625550497
-0.41826356942401877
-1.6721656913931813
-2.494381171795414
-1.6140224292572518
-0.2090063953350113
0.3732797451509296
0.2337426403742346
0.22515106020568992
0.35211774494556564
0.5263338909007585
0.37661859431663863
-0.034053075129436644
-1.3760197291940595
-0.10205272378772748
0.3975626592175925
0.22275620539204138
0.08788461900907492
-0.8427060279149892
-0.292072600885569
-0.28210311576735253
0.1658178341928636
0.30429547701946136
0.16359127591951436
0.5222535743528045
0.2679383744834401
0.2811596864957856
-0.006501295663545639
-0.32255760649800685
-0.2746431098984441
-0.4114497727336379
0.026099609380280567
0.13108214534626766
0.47274120182596463
0.036160211963060934
0.3969023964516991
0.8516798488492836
1.0417657804766876
0.7852767117713488
0.9653247237692467
1.0814002677195496
-0.2225255242148873
0.559250839622335
0.5580906523557715
0.5895895981874061
0.32211105286280417
0.084805515126618
0.36979215570673934
0.15683114382402066
-0.2118465032762042
-0.38801030233405337
0.1525681989571083
-2.320828599495982
-1.6329875897179356
-0.32167198454087553
-0.05619889779866269
0.24693186324482072
0.47612523346537317
0.5379922010125369
-0.8042892114527661
-2.174348326149903
-0.532344778104244
-1.3742216291019156
-1.3685897550200354
-0.3990145778790095
0.39974140457912577
0.6650293435048228
0.3981872383122295
0.4136743525349328
-0.256651517781107
0.30165240672649307
0.5554453067720739
0.395114111476678
0.29151002655969116
0.6584408414037657
0.7499170146649392
0.5524464098345543
-0.1545118588584372
0.1509706752596457
-0.7711010472799111
0.3162181019853503
0.4103989532999272
-0.024219702988186653
-0.35528903862151817
0.44389735524396046
0.518098514288386
0.3741533824917133
-0.5640759373013443
-0.836188461914284
0.6519157892568879
0.9346419232715704
-0.2468507093402244
-0.3443063850778603
0.3050720095923266
0.6073306229057427
0.6722997786504313
0.6646877318972886
-0.5910944588089463
-0.20682141983374192
-0.08396727081110461
-0.02028647126401531
-1.3706386855525328
-0.038673172569317904
-0.16251783175245837
0.393940980660574
0.1453754449364619
-0.38317926412932535
-0.9553012474252456
0.004766069437973808
0.5907097291194201
0.5285384143504814
0.6579565827531968
0.6895047953738461
1.184766835871191
-0.11797372649162707
0.4474885084245922
-0.4081467133311455
0.45509758786494553
-0.3117145724444106
0.8967636859570849
0.6731677826272656
-0.30672361794555986
0.27210383176428765
0.23552076813920036
0.14568979916532607
0.3307833078710455
-0.1311098029255883
0.816338825046312
1.236631078479256
0.12614209350699573
-0.5522674630759817
-0.851306984021895
-0.6219995108269165
-0.4161369137698133
-0.3877582019208478
0.0792171037661853
0.20920418807790508
0.3525096729264572
0.2583035016848039
0.09062231924801689
-0.2521552315553073
0.3929837223294739
0.2919943874426716
-0.1464909794396056
0.3962284000564659
0.057887361056635424
0.5741436536307551
0.1602363429897825
0.6769662974220255
-0.06195995879979804
-0.2731633893519395
0.15288623057602851
0.16415250336507273
0.10031830510845582
-0.1955255628553459
-0.44535264642519357
-0.012652122230022766
0.36445312410512876
0.34179226361666537
0.7215823489713847
0.768011522983635
0.39466127495185105
0.7110682625251018
0.9379144820854944
1.1727696899667925
0.7523026214617928
0.769742193068825
-0.5435517137832706
0.1890785154301111
-0.3533803321515454
0.036370622122268076
0.34941414671295234
0.5866778172486138
0.039112574921597615
-0.510244733344246
-1.3368335786899956
-0.6611759676893336
0.09548316698379287
-0.08871830622750929
0.15993745661689523
0.19892396194322948
-0.036135485134202644
-0.30306734591881224
-0.002073290885942075
0.13280780805237727
-0.3165974645829197
0.3108532283634775
0.31903729220236243
1.0235309710785934
1.0406365776979967
1.0957557690125008
1.1314925626240824
0.06898239246472693
-0.24342186795667892
-0.15217475697792138
0.0013121593622590494
-0.3193431458320179
0.29730509095154223
0.5890552436952098
1.041666674954443
1.2366206311118237
1.3457103903775882
1.1956227717388632
0.7341127342751916
0.9685308078627656
0.798113495336329
0.7521431666046311
0.3761759505745279
0.6155618910044789
0.3197501014736529
0.4310239154484145
0.5953250125760754
-0.3904676973885145
-0.14441059280020907
0.25531347977583435
-0.5006044566934398
-0.43330565970523727
-0.5981598149663852
-0.24531795816262125
-0.5706359079628621
-0.05032246060453743
0.023681175359185805
0.2557952943982489
0.24155798098102343
-0.2801050500288223
-0.12376807954126492
0.09442915084086287
-0.24680836545638973
-1.2639528968315437
-1.6604198389942346
-0.991820024821078
-0.6079453955536115
-0.3147994513432181
-0.10126374921165265
-0.37475298970207854
-0.5417754884885003
-0.527959274251146
-0.4166450774792263
-0.05358471110718427
0.0833721910082399
0.34485074457364784
0.017457096477481282
-0.0512652261799022
-0.05150744685804584
-0.28618096443147856
-0.2304149917233238
-0.45355566141836334
0.46894596604038336
0.6558875922557711
0.5058646233219722
0.5970302645262644
0.5347519468589148
0.27151332475915213
0.4896861167048195
0.2746542526094613
0.5731818696946326
0.7680897653282736
0.47367358022682726
0.45556005764182966
0.35887463845601375
0.23679904592919318
-0.44463081085221956
-0.33698114355715786
-0.027201706546051946
-0.35583686635952727
-0.1137362254594936
0.07423279827978298
-1.2570001943154299
-1.210008659088095
-1.6356701582200823
-1.755666226468406
-1.6812661268400444
-2.247635812140054
-1.7573452905607507
-0.6928123586194778
-0.025499103828827363
0.14410268350196254
0.1994820872426912
0.16931046239158348
0.20668261836971152
0.4918703006918606
0.647732121159788
0.3472636089671695
0.2866309411693442
0.27664426023908467
-0.04704580356203414
0.20347170574467321
-0.3988042740973389
-0.35419034948779615
0.1854554970778794
0.2291113750282583
0.19126602346273625
-0.5796045598327385
-0.3138059124296527
-0.17152022077592216
0.41264161482942713
0.41604321554875345
0.5068128825209931
0.6240006789157456
0.46197606949504366
0.5141729253965683
0.44956229906982265
0.48972615463911834
0.04008950168207981
-0.03695194261760271
0.0776226587773945
-0.5317000914382431
-0.06203291080589357
-0.33531349658165144
-0.14301479991757904
-0.561404391736794
-0.37531193051294576
-0.27804788292339555
-0.6498437676047412
-0.3154341577915036
-0.9901146828554308
-1.9413387355475664
-1.4335931803433455
-2.1006913809942156
-1.5875027012768823
-1.3855600477607342
-2.5019524489114366
-2.5054812929413472
-2.5495178114122248
-2.7289575851320307
-1.9826417078150187
-0.6104525733188647
-0.043997222972427336
-1.4668609391714158
-0.5080788401637522
-1.5089772411709115
-1.6625792433953581
-1.0877906801400523
-2.243301820830497
-1.5184398643588997
-1.0367718839596904
-0.2809960160363378
-0.6600877841950574
-0.9466517940145189
-1.0414575392440522
-1.5166345982383223
-1.4995910230702472
-1.2100196075220597
-0.68742123573801
-0.8387626702364163
-0.30237713556087803
-0.09724855502202034
-0.33112511668880396
-0.45610120539307086
-0.07057904474818397
0.19489336921961264
0.1864976221475972
-0.042748543731576716
-0.11690552426342427
-0.1333755140911625
-0.2111939909263651
-0.08107534331975069
-0.06115707716451549
-1.8232581408128121
-1.9223549478593402
-0.7880706252777407
-0.45489915314085905
-0.3457293018446718
-0.2171348056063684
0.16253673725165596
0.0813084175510577
0.061494323494149364
0.23854868975993238
0.25822282225775
-0.5047847133025808
-1.438837346949646
-0.3768526230639494
-0.15076109049658276
-0.8767406811904668
-0.996727273719421
-1.1628876754626658
-2.111765874124859
-2.2134923437822236
-1.4255465781383683
-1.3368591434646584
-1.0771881652483362
-0.8673145802628109
-0.6098043109828463
-0.33833108801609363
0.016448056108000042
-0.41985644709269243
-0.6618316018772784
-1.2318691539149629
-0.8556344234278297
-1.1158678071601607
-0.06295341962604814
-0.16626167764309113
-0.62856334291889
-0.023844915110288717
-1.189490245856374
-0.2737580916563597
0.3295965162752523
-1.0309452553967968
-0.930134259211773
-0.6779267659429544
-0.2969323066378155
-0.7301479777197273
-1.6398205179876775
-1.0240993191502081
-0.6557677076456265
-0.6937131360254291
-0.7007736557310658
-0.3679056003541881
-1.5234365422411233
-2.2208351760207075
-2.4251332284329865
-0.5438334814706868
-0.13791715064177573
0.11483644733898231
0.567384079736283
0.14978572097223392
-1.3511771954067413
-2.5529135759561297
-2.571498948282704
-2.981916572789529
-1.647707299882742
-1.4659732157626952
-1.156864655834493
-1.3079468794832572
-0.8886715560386631
-2.0119916894181444
-1.027677748224771
-1.7875162376839089
-1.6660256579634312
-0.31342823172535345
-0.11819248312612662
-0.22616604418602199
-0.6480300200099752
-0.17441998026683259
-0.6902743760627875
-0.5232866285902645
-0.2482676325013402
-0.6571489907433764
-1.0136244921977038
-1.2998272884212017
-2.4294573602191205
-2.636551677963236
-2.348191416949424
-2.253805483406678
-1.6987454952075893
-0.9242874194470547
-0.854655716107128
-0.543036905565554
-0.9341891690773374
-0.6715404746201763
-0.23438542506325993
0.02612774456826046
-1.0665567196876968
-1.459125612096691
-1.733165596746324
-2.175209291658857
-1.3657298722101106
-1.5749254699097341
-2.1439458973704815
-1.810419191019545
-2.3382898821425413
-2.3211589433343844
-2.2042658666028587
-1.753131991870424
-1.7090195500073968
-1.8372520195761346
-2.453283451390475
-1.9865525086238867
-1.5652775083433863
-1.0435062615086943
-0.7670672151630197
-0.9874262486935093
-1.8316819287136428
-0.614062057144381
-0.37768422009557145
-0.17333740823152766
0.02009167977557877
-0.3007428268936824
-0.14935226108199362
0.20210736941779717
-0.4286224348875637
-0.0913736358757336
0.26511223890592295
0.14139457376364908
0.5233527851021612
0.7914032374603506
0.8111825077567305
0.32727491097060696
0.33568514980981623
-0.3297211600820182
-0.17723945400630015
-0.631090873273186
-0.012303239033422564
-0.3108918558042313
-0.1273261724557245
-0.033087211736303856
0.23077469051778968
0.052232964363782275
-0.22788490196409716
-0.35988514729141985
-0.958430855239581
-0.44036384712025434
0.12218985127529397
-0.26881423315591657
-0.08510126908281082
-0.4273833097156635
0.003443646314643195
0.2085016503800117
0.28918001432482754
0.31370623982651247
0.356963028450828
0.35928270042093624
0.35177764180523796
0.19544902672751036
0.30468823572603987
0.3569709138227172
0.07937309715695733
-0.9720724513279702
-1.2405620261382961
-1.651470522923465
-0.5875424391548145
-0.8377144390309054
-0.38575616383321526
0.1111762817505692
0.12202582440502262
0.2846880116295827
0.2883787143080191
0.06636801880315274
0.7062855927111745
0.7609700200619874
0.09852884860078001
0.6062146122007642
0.38663368716324625
0.2972069716503993
0.41074274285836165
0.7855678002591188
0.6146332194332345
0.21978928844424386
0.4394546291373416
-0.7493053084927381
0.030533197996644612
0.32378558133779434
0.3156810863208911
0.2323059881226459
0.1583404119178264
0.11575215531697551
-0.050472709483735445
-0.0952435161419512
-0.008922715844069895
-0.049854140281803655
0.463048697258286
0.5240315698058049
-0.32829332886835333
0.25810704378554544
-1.1094131861823497
-0.18594036180068624
0.20255664752238842
0.08646475782498599
0.3559312649484051
0.40123210756953653
0.29012589922970455
-0.25063691921241116
0.14698165054179646
0.5042776145439284
0.6691504297376493
0.4213247137655794
-0.3499424679982065
-0.9880802529420918
-1.936355280377609
-2.177241429345162
-0.41339830049129245
0.27683555674666965
0.3081900419243153
-1.0162230583822476
-2.129705280301309
-1.7176915457927622
-0.6120645991404154
-0.7613610482657011
-0.5514974107040559
-0.27277414468261185
-0.5358030808096509
-0.14759489512031743
0.07382544423174703
0.08568048373621391
0.24787330020670445
0.23255269851989907
0.18466517017578682
0.432982026342134
0.233308389927944
0.30585197899124916
0.48078794658814955
0.6367361311216575
0.678340932407313
0.6432651316417971
0.6453287105539934
0.7331883822908232
-0.08886039815696725
-0.21113852618696594
0.0072590780885804645
-1.2220392807823568
-1.7557825657722523
-2.587519660025528
-2.8979577881520977
-0.9996303072488002
-0.003710065556336836
0.2244346389798434
0.30845415521846664
0.42409371299969995
0.4933047796107325
0.4660402173284729
0.5016578511576658
0.4032319045188757
0.3065703217133877
0.3344462219617489
0.014313492996403013
-0.29894845378569423
-1.1657417920096942
-1.6853924522916262
-1.8621603323241438
-1.7153756942746166
-0.9149251905619604
-0.8806498557916732
-0.8713857321225728
-2.0281883203766036
-1.257191152761988
-0.39913365024261904
0.08833050006190445
0.5433431449976985
0.4487509444995387
0.22917314150662954
0.09271567595250177
-0.024305969762759005
-0.1816123909429962
-0.0036536459721928927
0.38643782776007524
0.3443823050579946
0.44996129950893443
0.3004443028243133
-0.48913438146053867
0.5282878205747128
0.7136351650287677
0.9620571648235062
1.1299802961748937
1.0537899043078758
1.2050707883104288
1.2100746329245806
1.115854305965232
1.2380715666482087
1.263568906241611
1.3115946084545602
1.181614063978553
1.4805677924643479
1.3156578060552315
1.2860712336613371
1.3399019958151552
1.5865900232130068
1.5160643726657623
1.4340860596766385
1.415349012697642
1.6932163696319218
1.1639841973253742
1.5791698169552255
1.4567035472431868
1.232141150743415
1.2076026320083795
1.2439833549076493
1.2541859724387407
1.3017785061227336
1.4217426874932544
1.341438275389865
1.6832643349769922
1.3077651146292526
0.868186509390628
-0.12406494975095714
-1.5758928937894014
-2.332407848902172
-1.730377387599216
-2.1594274469657724
0.09950128326250648
0.4657911975747101
0.4722993761305446
0.2507150550987861
0.4717719221762505
0.6316933568410321
0.6926617146779827
0.69505344561647
0.30493453500280987
0.1360476746331144
-0.024211806646131484
0.026226990274129836
0.3419728953143017
-0.3591491290366972
-0.6573396411602269
-0.14426188930663525
0.5442993952278239
0.6874402598712033
0.2779272602840015
0.5600731724635479
0.5554174349749973
0.9250302321180438
1.1059429232772104
1.227012449421282
1.2492395864371286
0.6539941225196474
0.9349650277875378
1.3621919949282653
1.2333433727028422
1.2697665718264897
0.7454264160510645
0.789204642748601
1.0172551024855376
0.8742156393435216
1.0208607130364875
1.0436524473394613
1.1036372660033262
1.1320579806056277
1.0681459359244458
1.2063675666056033
0.5979007401372092
0.6791189156704264
1.1763432218148033
-1.3157538959347905
-1.317611306478849
-1.0566195317544556
-0.2193352531519861
-0.6368987463617399
0.18000295385905474
0.4593378852352371
0.25118834718521904
0.8503300272995771
0.8970482575741373
1.0698804918075155
1.1861603499753208
1.3971590609212923
1.1632741397570607
0.6608056813637196
0.6617740908622978
-0.6752756496762664
-1.4701259796413964
-2.044013872906924
-1.825682313724047
0.1862540771749342
-1.91653210169321
-1.9803912020634025
-0.6748015269931779
-0.5634170675651521
-1.6646256836609084
-2.7100717503007625
-2.02300180044211
-1.1334724537652627
-0.7329118237303109
-0.17179303724579098
-0.051992915037950116
-0.25954442555824436
-0.6837088202408007
-0.5953675664285999
-0.11233830450333379
0.5168289333554523
0.7689663868673503
0.9504840347070979
0.9126824988717577
0.9453066330491352
0.8222591779838198
0.956259512580903
0.303464733332374
0.4973890149148047
-0.3043123876077695
0.2568746987948266
0.5494708690240528
0.21139970609556438
0.5504879053488846
0.7915122248365966
0.669175974295918
0.29698817666356536
1.016485176782903
0.7446314696391253
0.8078768684917843
0.24505658975628467
0.27238122895042294
0.05325762538536549
0.11191762299798907
0.255817496868183
-1.382268679854058
-0.7234163423257031
-1.9252524328003262
-2.1435880213219694
-1.0305906946281498
-0.8377831425158214
-0.5860734850426877
-2.2142031418812596
-0.8172602871142546
-1.0194830551174157
-2.138631317849438
-0.40102533093347237
-0.2136491649977153
-0.41787086022455655
-0.3792108583148378
-0.9593998645336319
-0.8212775462306966
-0.06701650038253892
-0.909834108103309
-1.5378762525264003
-1.6649579095857756
-1.7642389278013209
-1.6618523068731423
-0.5748977090879985
-2.4667789614965407
-0.768653017271967
-1.8146464246893743
-1.4005687001644744
-0.0005522636716625284
1.0039768429190934
1.3088129388118228
1.306368891968901
1.0061071246188154
0.4952333998106434
-0.31543686702027135
-1.1973696267533895
-0.4915510833969967
0.35915906948175214
0.7461689025724322
0.9091943982688181
-1.3544980429980265
-0.2538232909378478
0.49451316213328567
0.4693712884131519
0.8452003782306862
0.8743313227819766
0.8316579429471463
1.2214605427857066
0.7540935403518784
1.0502591048370924
0.7289767063791825
0.7339332260164543
0.6265068819727505
0.7831665970848476
-0.6769401840037464
-0.38894132199651593
0.4220429725563392
0.9345534379036231
0.4511986769297157
-0.6157288204197646
-2.498025260549059
-0.8161523312003633
-0.151192830031396
-0.4528052750117364
0.5350026518359464
0.5854938702178399
0.3687045858454475
-0.06998708494967265
-0.1474866545098818
-0.2380325529070595
-0.626455267598476
0.06886659578713633
0.5329161887749292
0.704288793015058
0.361609976712562
0.35430675710623627
0.436627805751676
0.4038316011737868
0.4157512208824414
-0.8962867081195292
-0.5462263009607307
-1.2611635770710377
-2.222756802002874
-2.4071129465034797
-0.7572055694010691
-2.339624962899002
-0.41422147201754345
0.5163172081483186
0.973229072897407
0.47206621493022827
0.3582615881397607
0.5616696121189545
-0.17092889181265258
0.4660332686272885
0.6618279398820608
0.3563220828131041
-1.06197558482844
-0.36386240146414106
0.34537083527458257
-0.10905504373424119
-2.4203688695179424
-0.324807754407474
-1.1924049029211314
-0.2666412311503092
0.5668270410915605
0.9049193521599329
1.1815877202340712
0.639840891826246
-1.2232605769726683
-0.35874078022362815
0.580087027602133
0.11852695064063162
-1.7334922097691436
-0.16806940635119394
-0.2787455241030924
-1.1142786048644922
0.3539224570572349
0.3401498893899272
-1.9361981288940036
-1.6395591671341383
-2.3514077138546488
-1.6647603865611882
-0.7217341410724644
-0.7568744431123392
-0.38353178145365696
-0.25592201928414243
-0.6221593329853458
-0.4067968514055238
-0.5126255746931506
-0.07779727285184454
-0.5718724145224606
0.13362784126077487
0.14708629259739087
0.3751327475836833
0.35244055023988785
0.08316459159429053
-0.38538679255736397
-0.0034758135101464332
-0.49082935482353973
-1.2623241421892393
-0.11044037146492724
-0.4881477141116368
-0.45917315423758187
-0.17717051178079685
-0.6632398649487439
-0.5056312194368794
-0.06363276799256454
0.6706609079205975
0.7829851872907934
0.8536390245459107
0.7029451429837288
0.8034873305447877
0.2285072873548879
-0.041228207403715605
-0.13049000037168978
-0.31096227283490585
-0.3282339298845297
0.14939938142796924
0.3247339047124766
0.24795739016900234
-0.3568886171574153
-0.04694389136157928
-1.5894720852180253
-2.6082369479982117
-2.383819449028991
-2.6032472770575246
-2.7175119775495595
