0.4535080185945901
0.4811235700670802
0.19884140841652825
0.4184301225138393
0.5186939678307975
0.5132631400341756
0.31540702632407835
0.5261481089778609
0.4802888902613351
0.8584396461653808
0.3152100432449252
0.22223606782930636
0.5226508086753451
0.9152891610631042
0.5449037451052955
0.789653007784376
1.0183871119234356
1.0484358582386752
0.9321577378581143
1.040271283793178
0.9523105998874184
0.8884783707866915
1.0089977012433584
0.9940444505875422
1.0602447271331243
0.9282651757790055
1.2190183802253083
0.680570783178447
0.7010856933159372
0.6251141600289422
0.4686670109974856
0.8805805434020172
1.091465309534692
0.9084675044595646
0.9627868255766625
0.76640271380122
0.9600173162893718
0.7282511194475556
0.7743591712005757
0.7113918946766433
0.8206345691668566
1.1089842308825926
0.8023276062025023
0.6050812718112557
0.6974104215402755
0.47729857667000675
0.5982229367187675
0.9041209446582193
0.8261319032232994
0.9664734430894931
1.138886585420984
1.1293743617198175
0.6066559762530137
0.9183346857984414
0.6882748577342924
0.7877509305711174
0.7059014398924413
0.44957210082154264
1.0176063112052551
0.9030421366634147
0.8227333629038903
0.4449157659073607
0.3671650980422065
0.3794471887838526
0.6444714506540788
0.3591046275291153
0.5390882243150115
0.5183228040686314
0.3130278125358539
0.3360962796894455
0.6889429140831023
0.7686070681735946
0.5797537651219115
0.557384668801476
0.9841072461513695
0.4416172376821153
0.7197655861584964
0.8973680157719562
0.9910133680291803
0.9869549595114747
1.0161282883954632
1.1172350031082323
1.0810092492099987
0.8135630273949618
1.0437843936275955
1.118902368977213
1.2268838090502325
1.1243484577818523
1.0691794325279673
1.0694255092010514
1.154411231744863
0.8734229271241704
0.920485728289696
0.9044492748683906
0.3625489185074275
0.5147011275573492
0.849686827666571
0.9908693024873679
1.0333181240217009
1.0957731563365476
1.1791090870906413
1.0956675031821423
1.0919150137586415
0.8470101076220352
0.9824457652078616
1.011153581210288
1.213385755026486
1.0712892176998143
1.1603621431699382
0.9947677221786057
0.9981310593205251
1.0585880181514886
1.1018798434867705
0.1965530059834247
0.020963088858507326
0.06213245206738144
0.09139643619137601
0.2707207136285361
0.03296228626363309
0.12046447333742744
0.2915986005249205
0.29890982896360196
0.07554699179647113
0.49069208131273
0.3092967878620182
0.3808112226695338
0.5621718179101973
0.7423644273957362
0.829753630566615
0.7042759598582659
1.0703947479374207
1.270780677134824
1.125149449867747
1.0562281669294693
1.125927707371671
1.1836278291608355
0.8235267968011297
0.9126285615033287
0.7536134757731012
0.4453782914269426
0.8932010993244887
-0.2581186358960189
-0.4156930337092133
0.5431809923793766
0.6949432137264867
-0.4209436428168541
0.6664356522364531
0.4781945572178718
0.6741558662813869
-0.6553509376473784
-0.8728499588471247
-0.4617009097313986
-0.05086854011701582
-0.2639041305047965
0.06479372194418993
0.03308006087557
-0.5690231351854262
-0.30692230499916734
-0.18184128773003
0.5488387589755139
-0.023981907658673834
-0.439374714361908
0.07128197429154415
0.21123831693543657
0.06082784690448739
0.3576398011994422
0.5347544961984628
0.7392274246631374
0.811293028175464
0.8543509757883297
1.0456514287062224
0.6789473009489244
0.6023264476274264
1.0613013066755022
0.9163000705686706
0.54345911577795
0.7534922014649821
0.8399613657573403
0.3602921120121542
0.8943492894164066
0.6994023603186303
0.9450230327726262
0.9046553807592356
-0.027487057979566125
0.49000525195377265
0.4836926877467191
0.5292210679772019
0.019988834300872706
0.27771514518612256
0.3068086203852773
0.39392676444624064
0.7164778676923662
0.5051406182003377
0.3923616308656232
0.5484967482246245
0.26988375658173536
0.04582747407422028
0.31125401499467115
-0.30603134707376056
0.10720757891851483
-0.08475645551445896
0.15752520790750213
0.5252778483160062
-0.058970377373620896
0.10523688034430453
0.19879315099570477
0.7074605551451517
0.3494718663928989
0.5850902102780438
1.7458819038523892
0.6412638863470855
-0.17999411429269915
0.07010715386295545
0.3269692487205909
0.026208583583421714
0.48707914874496816
0.6242498902361509
0.4373161049242992
0.6359637886560809
0.38591977026182556
0.577200250864164
0.7630223749529262
-0.007484097188826571
-0.882906881986579
-0.09464518997890485
0.6060681679945528
0.1823069611949475
0.4875166153896595
0.1702931344411626
-0.026365637834467222
-0.1417677565143619
-0.4472254124544293
-0.8110512755096243
-0.6295738899403878
-0.3925682357230599
-0.19323510247951214
-0.31239999422153125
0.10440565074441072
0.30775047654473314
0.40835123202230794
0.44705685570173453
0.5163639372037966
0.7900720892047147
0.25492119886426773
-0.6393349560136377
-0.45484031451127394
-0.13698525371486905
0.08623763236413916
-0.14745989619025762
-0.028174817872418222
0.3869901377612608
0.6562321550878046
0.2543395384398381
0.4126512106955818
-0.32646387795842574
0.11003755600927238
0.2015268430110389
0.5541004756771695
0.009772993133169292
0.3231177651786558
0.44956719373431253
0.4689688011725888
0.8918097286140387
0.4002275122529241
0.2229980299330843
0.9315702022247618
1.282157188428041
0.64486803431832
0.7139568496724925
0.19256095225724065
0.7675670318317962
0.08861293196280545
0.28787561833013975
0.29699775556926444
0.013389125803742751
-0.14199918611636306
0.20438203400952537
-0.11901644712642451
-0.2349560897686388
-0.353768038277396
0.10123133941660474
-0.32664203783949414
-0.255787343027813
-0.29512197769089754
-0.1307382634882196
-0.3621048958366698
0.024927422830826378
-0.08941043943839129
0.1471059357065667
-0.5170911635299694
0.2309228637754722
-0.0414109207902851
0.4913081257523858
0.6734511161366412
0.2526037575230496
0.5324227629033372
0.499025307703172
0.8382965398746455
0.9279906171396073
0.8748067336975451
0.341583546137401
0.6031050507276531
0.24118819199814573
-0.20131545490457056
-0.644277184370011
-0.9935825892789512
-0.7777683827422994
-1.2315221278872008
-0.07754006159111367
-0.9524114829351636
-0.5036744283902983
-0.1338414488064193
-0.2455452924472224
-0.0028519678087283295
0.4240019659132855
0.38621243551902196
0.6844899677963637
0.5554849130735053
0.5816612267385685
0.48472529259255326
0.8650888564885505
1.0395712507656145
0.6178975381727938
0.6619678058840709
0.7023996122562437
0.7267760908605787
-0.2667223736069945
0.2510517694836442
0.6716684121488933
-0.8361690905444721
-0.08983237225221848
0.08065389299338147
0.23848355857162473
0.5764118024507271
0.7532048490325378
0.14723164044598155
1.0116015042362854
0.9158945821452205
0.5481883531728613
0.40195695205672305
0.34749819642293117
0.27083898522154887
0.47599575945694667
0.6943217530067153
0.391932247249471
0.719767592437026
0.8513673438680491
0.409515318658483
0.5883846866050816
0.370900035621986
0.7250489918710877
0.39410786719013136
0.8465145572256721
1.0891693687926747
0.7072606295175309
0.5195811019820789
1.1433021624709925
0.4839622317582008
0.36144784385620166
0.7720581353426199
1.02017867233132
0.10672758246041551
0.28853927575082416
0.6407074655446402
0.4152046657788696
0.757278843394695
0.5564399003841679
0.47775563262607573
0.1866450265370011
0.7694697020210284
1.7389262959573872
0.43795095840393355
0.46575247605143116
0.8748601257528076
0.8245754331477675
0.8221667250534256
0.8088389520132118
0.9948138800616485
0.8483044868650281
0.2470212447858774
-0.05058473290600985
0.2628887566836735
0.5964438886204841
0.6297924140314558
0.8443301730382599
0.280966878698568
0.7286709618906739
0.9682071527676769
0.6135174829194162
0.77012134052158
0.8658101740826091
0.44700112592006536
0.4446985208796261
0.43803304862350223
0.7210503631350048
0.3987731495313644
0.9455978635031522
0.7111773341263232
0.5651302056365252
0.5646013861069621
0.19372166302617894
-0.334358106499475
0.022039845553245882
0.37732699458582747
0.6157081905439405
0.004060027342184115
0.2813968219335267
0.32183115002673657
0.23872636698921113
-0.6119892158685606
-0.5137369336591703
0.016049684508475902
0.08295240843753315
0.3439804893192384
0.33097709811617954
0.48059006542552246
0.37397131604910966
0.2435379679165079
-0.04631246784275627
-0.6548219811580905
0.06481326253111627
0.13938446946406358
0.36706098321873526
-0.11830104288266988
-0.15364212760316479
-0.25402732654737237
0.004748441204160032
0.1696186228063045
0.6942356554321539
0.47792170742199735
0.2850281817154817
0.054888119578940534
-0.09320697846371083
0.4113023284462995
0.6284358547209203
1.1005310023083998
1.0576182933261764
0.9424201289402507
0.8734150533015281
0.5573760703945599
0.9060933394987415
0.31741822885439175
0.30080162152773654
0.4184743483313272
0.5316102590791008
0.981979029567567
0.7312252657718611
0.222512649466443
0.4497653131094493
0.8699804529454536
1.0522673204658939
1.3165771902164156
1.4210995862106368
1.2652763378682148
1.2764265069702239
1.050810469412491
0.8742945449171661
1.0909375278188045
1.04234715137421
0.8163142222261536
-0.14810742612875494
-0.4127003699491582
-0.13148762490339594
-0.14489407083978617
-0.4099667878152346
-0.19533109726814596
0.31012073241849086
-0.03976495337648543
0.14646410949437844
0.15239749728567703
0.10230040199457796
-0.4095808156067708
-0.18880827968130007
0.2752076911597992
0.34057713969947473
0.5316976285393721
0.014091609628345044
-0.05923301655319674
0.214445339913365
0.06662115171763075
0.20528758226406457
0.33555717034864824
0.7434317905587412
-0.7031832468658926
-0.13449718196554922
0.20363982593183944
0.34691215669153136
0.05866683567182604
-0.005831175420489972
0.43538734843876364
-0.05259648703196769
0.11355867542236113
0.5362468306714107
0.2576643435758152
0.3965956840833633
0.762009477851532
0.5449115659385996
0.6953013747062943
0.7049341537936854
0.7053937066164797
0.948786605024079
0.8999823698118576
0.2953487071173189
-0.10893933753281236
0.11325719106772524
0.5059216292493267
0.38793399589485966
-0.17291691247205596
-0.05982834467549168
0.6116043788113358
0.18890456383107532
0.6657352347937955
0.7084618423585908
0.07992383444360945
0.613458221450486
0.5556791297263428
0.8410633272849751
1.0211763748189209
1.1202597536318417
0.8158609855298394
0.8135167666083986
0.8702648525532003
0.6516675417568529
0.20195724972582393
-0.4938571686845565
-0.4063353464542621
0.33088312826613314
0.5530912121657331
-0.5710651597936452
-0.2978036273127241
-0.1763662454954677
0.08689026847546569
0.4324832275269206
0.5266784970336721
-0.5672532316673035
-0.795292158589369
-0.07215780731520016
-0.5574007277670029
-0.1657492711897464
-0.512231102697272
-0.902468007860263
-0.30928331035699036
-0.1412658717200368
-0.382815961777741
-0.010198126156694508
0.30140186501261657
0.18686310317137053
-0.0869690148881005
0.1825651754278653
0.34949016500751384
-0.5374830791164031
-0.15455967140220617
-0.0072209044382578625
-0.044966409312663325
0.31466609771893495
-0.21640848432066864
-0.7217462259621363
-0.3294084830377021
0.006509514349485487
-0.045067381413520666
0.1506929480810708
0.3634856732706439
-0.4307148213131699
-0.43334764856379077
0.1391350382666215
0.4798489437272064
0.435400273370633
0.34582036523116266
0.08687046434536544
-0.3196012908160917
-0.2629428551703766
0.2095922746952444
0.3479846286552103
0.4057118545481991
0.5701371295510124
0.02372393390095786
0.16368168002240074
0.5338419575280996
0.4294644352852305
0.5377593987041867
0.32305473860540707
0.17564004126367466
-0.22196114465537797
-0.8761576492251054
-0.7930381091927841
-0.29625516574696464
0.18896957385204277
0.012946131912917349
-0.375066046427558
-0.34841914408589364
0.5088660079982827
0.22562155398959177
0.5607770093282269
1.4111752487104043
0.6479467318360547
0.3044040313777928
-0.3162348794190615
0.3693805576697393
-0.006551593745244762
-0.6890620226133856
0.4931235239746352
0.05683806873952181
0.6867363372885765
0.7724145851454289
0.9133720572808038
-0.27375538133932364
-0.3189830815406501
-0.9530394612893557
-0.4847659142451321
-0.2419209887984361
-0.0797267016374747
-0.007220909148551287
-0.2927236077131156
1.051396015641735
-0.2895488050869702
-0.31304751587961094
-0.7507386065900757
-0.7248923934297042
-0.343224600762535
-0.05980843576509948
0.7205779815702739
0.620493165565683
0.572795655028101
0.004124366634726205
-0.022386389600204004
-0.4911395309028159
-0.12704837319477652
-0.7444497379335774
-0.6089268647308125
-0.7356140489327684
-0.10966866693547149
0.12133285565373672
1.3198602987592563
1.250729236249339
0.7012022123190721
1.0234483246494666
1.0757864400329917
0.9990735729505146
0.8858470996730123
0.7387854101404943
0.8068001834835666
0.6379568573128667
0.633814157102515
0.8482212616596164
0.9575188593988915
0.3849638914515592
-0.08686171670737225
0.11118259174348454
-0.4041627533309123
-0.16239829916859805
-0.1133262009008986
0.06455115893935011
-0.19619262070299046
-0.08063657172397831
0.1810898512380265
0.9696907908768926
0.6145600427952439
0.8034611970477478
0.4856995557713515
0.9526536232664304
0.7568157571480528
0.9807648398486082
0.7950630093501584
0.9963959812704318
0.9888320969678775
0.49418611750623287
0.791840091480242
0.7935866272356272
0.9918520434320571
0.6375704440906494
0.9405658520214344
0.5394433685838128
0.8267624178114752
0.9571596587167129
0.5932004785239638
0.7920332957795192
0.8962586110382333
0.8857380287707071
0.3311031713358877
0.4628955940904841
0.6707255255267245
0.8500114635529865
0.9889606870790848
1.0927828980338719
0.7337185272402348
0.9784569552794544
0.7236408160873121
1.124694092826605
1.0536449232566394
0.6928469320330495
1.0574268257716133
0.7402382756452899
0.35403192061192684
0.35080181453738024
-0.29238023231976656
0.38596636020237746
0.3257534204261431
0.49045787681646247
0.5582828177596375
0.45038591056553146
0.5509522616262025
0.26850146765922295
0.11860576063069042
0.6044945825194107
0.3732276787318992
0.6207335013826737
0.8661198913244674
0.9282028194482628
0.9231851510009559
0.9835683098473157
0.9675479719644547
0.886429839210284
0.8882285158363759
1.0506477310629436
1.0841071791514016
1.179430913053611
1.2507375278175346
1.0322278006223073
0.6076901120407138
0.9801483730261217
1.0452679755462833
0.7020192292630257
0.6487084852434254
0.5684958418368191
0.8294110472790296
0.44760663076363366
0.5404666970111943
0.6642300713667352
0.708095979842339
-0.8382214778447805
-0.4915461432711203
-0.6498365878579724
-0.37866262025942266
-0.38614247657042644
-0.2733207441487499
-0.3062085795287734
-0.20493314756743988
0.24150446978723122
0.3373822409518611
0.6317168573691418
0.7057086717257877
-0.006879398072206261
0.25376620604806316
0.6609278457240201
0.36516741864233987
-0.0131215090429584
0.5981577854667689
0.3671143444723396
0.6521002782568319
0.6381496753463475
0.6913932876194587
0.41053246803806137
0.5425934630650889
0.1535428807682853
-0.5791265432053808
-0.5135505644826206
-0.08350598602344778
0.30932190277269667
0.25347948262262415
0.4316607118452674
0.33427581901924047
0.17295817872251232
0.05552059391774376
0.26428393572064646
0.4222636608109174
0.42192746383327334
-0.011279319038709839
-0.1962980538295867
0.306295486949517
0.2529863035679641
0.44595489773538355
0.5628697248535043
0.44275596050273297
0.5152986476600242
0.5567081440273197
-0.5364832510988826
-0.62339565801817
-0.5430367592051976
0.07734903466298401
0.06804911640818119
-0.07802338984384362
0.3910794469534725
0.5211652758283876
0.526283104825306
0.36930991846819944
0.2847065305665006
0.1829334770765819
0.5015679154782984
0.3017878969612029
-0.05410222795654232
0.21829552979245975
0.022739249541006444
-0.21234546557199008
0.11844077250808852
-0.18480668065702996
-0.12781890865069234
1.1627009452871455
0.1461047176363567
0.4733483389473289
0.5269891438164932
0.332158967263918
0.3361947237594444
0.3612109240364494
0.37293253031913753
0.48709062303775535
0.005849456835146767
0.028175548305108433
0.3094270167452142
0.33919542237925454
0.6969503397859658
0.07289747552211387
-0.0522920002351392
0.3284713855871034
0.43004032316130797
0.6277799218052317
0.5794864396593764
0.4749619801000905
0.6837423122426106
0.7402070079276598
0.9256299306199539
0.6908933881899789
0.5384441204172398
0.7929599592903979
0.7772383766221537
0.7713141470556716
0.33007719402753927
0.704930214999875
0.5762480348291326
0.6808228745548007
0.6311417831304824
0.5463250391031799
0.3886939131286421
0.5937881127326127
0.6663623342025453
0.4504834799125026
0.7338583482954345
0.29146050446556754
0.39164715268535183
0.4757630224790735
0.24294810770312147
0.5881650874111378
0.6874820991078932
0.5526049194419019
0.5280388807455381
0.2328238529545099
-0.1479057463861536
0.25304340944970566
0.9979462114260659
0.35893744447152515
0.03882919615032491
0.3279169235871816
1.1234333435600905
0.059121485901530615
0.7093613249875774
0.7598597386508612
0.5399890410370043
0.7575017681850988
0.8305204940480159
0.6991651711754415
0.8871737190199698
0.21404418118181465
0.18917484705360918
0.6533027583878486
0.6782332345648712
0.8606905576106348
0.8428389596323942
0.4277322414890363
0.7363769724777895
0.8118247460134407
0.18795893785034548
-0.24982917487167347
-0.050660101003102455
0.659261754156478
0.5742668483125531
0.6227594899158544
0.8759214431647929
0.937376990454144
0.6491936875117102
0.007319511103359329
0.295227115406833
0.513282669023316
-0.05555549573034959
0.4923261900396484
0.7383054186987598
0.5070894719373228
0.754833953594236
0.6466378725774146
0.7213219068231775
0.9834734838856811
0.7740102439873612
0.8759335005145851
0.5756107909846188
0.8575672837760725
0.6582722776379112
0.7760704385669244
0.5763563107359023
0.6957130595450906
0.7388128906709174
0.2500662129338218
-0.03175237873910211
-0.4966309394270509
-0.02080469069370032
-0.23913613457155697
0.48205460092534497
0.24397165869017012
0.3984325192331795
0.4852893253100158
0.49792952254685696
0.3442384848913117
0.6805885396266937
0.7302136187113846
0.7123531971565851
0.1618104968756081
0.46591372304866485
0.6243510761713418
0.6694880400627782
-0.17507574702034762
0.29124292572486454
0.6124585485452059
0.28208715919910526
0.45555677909053904
-0.11444228219520355
-0.1646609065482419
0.04648052124082528
0.6083747754219437
0.6081121589395294
0.77160650387572
0.9868387425770694
1.10039254981083
1.1157042883999981
0.9821843194298477
0.9763933570538533
1.2334747816035647
0.3664694170583365
0.5019648498298598
0.7727119858250733
1.2156411700360246
1.1127867995790988
1.0093353330634853
0.9163424347169046
1.1049647956677253
1.2713020203320866
1.0030302674014737
1.0180623017657617
0.6121799066600779
0.3301535825933339
0.5349366707981323
0.3725636610501441
0.8720550172932391
1.0085026616799837
0.9916044794729636
0.8250683317383075
1.0979056046302627
1.1167109322216158
1.0194811921663822
0.6888459179780864
0.7608802848554492
0.9474379508268643
0.49980544426313966
0.8412099279034643
0.7565169131770599
0.8605126986059419
1.0590765961958692
1.1505662723449372
0.08470846389402346
-0.05541600605426467
0.43429038523518226
0.009664973913153359
0.10328245038428631
0.709300800584085
0.46195778919341735
0.7288870430911072
0.941464833000858
0.9772664865348906
1.000139826114979
1.1897249760086641
1.0907993440640977
1.5750990756746113
1.3013729146902264
-0.07692947394416712
0.15807672658804442
0.7162069777193697
0.7828912682491389
0.8316796381632353
0.8166792205935522
0.9764112575739694
1.004330800392442
1.0525408804728968
0.8479407690773658
-0.09670197147875413
0.2971172660752225
0.6251564722356471
0.5171672722228813
0.7462408612473794
0.6263872540824252
0.6687132293303143
0.37894430476437324
0.6554722848191381
0.612173111657894
0.5385384584105725
0.7608351849835836
0.41582122965272283
0.271532964751591
0.21536030558550506
0.9205430131483874
1.05991848179471
1.1288010140317262
1.1481496757237375
0.6867749128454774
0.8965638147588023
0.4067783885469796
0.8055145231999219
0.7012555415248607
0.97464815819833
0.82958904763665
0.9910915182190337
1.0617798839225365
-0.04382713556416168
0.7189463216678127
0.5024153854944116
0.6414956793520383
1.1120463465475345
1.0731259780668316
1.1499917526761037
0.9123261967623674
0.683999916046475
0.7151393245761739
1.6283705797619938
0.5570959252118768
0.3930998562472985
0.5600478622370378
0.6279932148840452
0.7847716947325205
1.1744441517683044
1.1193773958388205
1.7094321702890687
0.23636734020747702
0.9257138797942306
0.5364275512973635
0.5110744403436936
0.9028354364656243
1.1871472073084601
1.3559288284488047
1.0497631344276703
0.8631518823644194
0.03858950260881283
0.21073075687143109
0.3193219446764546
0.20576280764908064
0.30953317493054977
0.4782068929732473
0.6163698533180972
0.5401518445181738
0.15799350497119644
0.26834282300762474
-0.2466611952068202
0.31347173955011604
0.43740471418483473
0.02581348061398115
0.03449329443970506
0.7761725103901974
0.9470610799999283
0.9984497169713277
0.44965301494000676
0.2931504551239896
1.0508361142428848
1.1397327435369347
0.3516903309724208
-0.07048114977554917
0.3656767312415565
0.43796093044407197
0.7120701119353963
0.533117666585877
-0.09686087202968668
0.248986411704734
0.182032904815243
0.13043427670929256
-0.36961338938392074
0.15934698142766793
0.16822870058823994
0.47378914906339936
0.49793219019793133
1.2300887598898527
1.032916999014946
0.7210166319084174
1.2118703528710761
1.1423546155867084
0.6625015812093724
0.8616317158557945
1.356862919551082
0.9621204341198603
1.5748756626899891
0.723038199231819
0.9679251451494597
0.6189019469661844
1.162104220476773
1.0000026915965305
0.48861430002597384
0.9013263321326281
0.8521030273072632
0.8160730452784773
1.0824540607734363
0.7528774044284792
1.4802316045076611
1.5882605038504929
0.7753068716569064
0.4421088204201559
-0.16388552804251788
-0.1988245928722243
-0.06049254462100537
-0.18048962261038495
0.29526792246407224
0.37906816169082497
0.5486211659197603
0.5769492251380414
0.3137542160850465
0.11009731867613547
0.4385884369593974
0.4527142255546562
0.12652292481010402
0.5665641583856748
0.21439825640921495
0.6309444563717598
0.36188882159418984
0.8877527182825796
0.15884178581966374
-0.0016685401118736055
0.27559046429692985
0.42956927854863564
0.47495766170294557
0.49157137263813766
0.9304845165076812
0.7700035613746784
0.8454732755407934
0.6982901211242237
0.898063110090852
1.2907208625524662
1.227447452445885
1.2693524660456
0.5932766647608351
0.8122510575264256
0.4409466104768892
0.4927062090331513
-0.2513014850197335
0.2397965906828864
-0.2531040346910183
0.10884266095309207
0.3347574601311378
0.4781883723027691
0.5963600918934961
0.7686442749903594
0.6343204893780643
0.48814049529483194
0.5131717190401685
0.6722004974056264
0.40254764197083087
0.30156007839607424
0.4772394404836393
0.6274410469437556
0.6173134879119969
0.6786299738560732
0.21742965825347027
0.7479122781189645
0.4894059082670007
0.8893310757495279
0.8996590024975298
1.5484248606264925
1.3686843918601745
0.8372336712759281
0.6347674871990389
0.4383374379236408
0.1642839097754315
0.22561685492524097
0.37466975417257237
0.5549148110534072
0.9295709823738292
0.9801692741344751
1.1148856421448596
0.758502285285877
0.5640272021198088
0.6785985977900588
0.9379320817694258
1.0373761890206068
0.7149580814307899
1.1164835412550005
0.8644165342341062
0.6046820647642067
0.700121526928714
0.09682132115738865
0.34320651548764874
0.15179054291120175
-0.29900146168786434
0.04112594335904386
-0.04260753790142075
0.038331505127717616
-0.5509168665916541
0.02279802871075584
0.1510662062558233
0.36893127018095373
0.37646562560695207
0.16833845663668665
-0.02437541637754333
0.39368004628259595
0.6894499099261188
0.24386462015332305
0.013656301833411027
-0.10758361832050374
-0.23121663991479374
-0.13836151331072322
0.07333413165588881
0.1302151849988063
0.5290356794513192
0.7201717839339098
1.0526601977383332
1.141989554296193
0.9527076170356316
0.37718066224881674
0.20375167896097146
0.19918554248472678
0.24197994960489172
0.8282071932675275
0.7923586954081487
0.4953031521153828
0.9532379083851089
0.9158507299539872
1.0683375297850142
1.1589993263584222
0.9237297422194023
0.6795772715938179
0.907490690460455
0.7911076888160774
1.0055249024671058
0.9341946145723985
0.6507112112245321
0.6982444349107506
0.6354054543950339
0.5302925424470977
0.16510525132452186
0.18812339094257458
0.4227263422972004
0.3205605333040878
0.32778842854438545
0.6558848049447847
0.6276032377415576
0.9334155876776461
0.858391876801616
0.578103421994978
0.6700376358997707
0.31074067668463246
0.11812296642347508
0.33619335583760557
0.3368497287251138
0.5701080064318533
0.6919990892030483
0.640785338861342
0.625626316595482
0.8938324374123736
1.0168098780988735
0.8202731252304025
0.6778020349310566
0.708530426707887
0.35115777291543165
0.45522059450542357
0.023292144396454294
0.1933838793679366
0.3938317918024552
0.4414765532974016
0.35224154706216554
0.029345488225655567
0.5766210241944595
0.46226364033073963
0.8477866171740146
0.7575373704048143
0.8881221285637454
0.8630285734773292
0.7091821836690747
0.6540625638491708
0.7203942439054859
0.6968429749158126
0.5964063704121751
-0.8191533655935326
-0.8072780878751448
-0.8633541933083805
-0.8181165249439764
-0.8021640715111057
-0.8023551468969221
-0.8880429883143731
-0.8261374536618942
-0.5759605363530182
-1.1307513172281967
-0.939701237750587
-1.2317326152159889
-1.2454525142777215
-1.2393342472910756
-1.275825891123589
-1.2641843185130974
-1.303451406226786
-1.3605751784902802
-1.4048864317478333
-1.2822631139516631
-0.7218831133591739
-1.3362086277799756
-1.271770991827696
-1.2443879514013019
-1.3122437061523815
-1.2463363539395398
-0.7159158083730256
-1.267706960124888
-1.1868274680811375
-1.2771402855281568
-1.2621024259356264
-1.221597380660599
-1.1777801732270543
-1.1796227704805258
-1.2077094339469685
-0.9638020694972194
-0.64966661291788
-0.54369008413049
-0.5097988629303478
-0.6052930358314351
-0.6408998705286999
-0.6204233598849397
-0.6117827595747491
-0.6671690438516024
-0.8247892623036548
-0.7806251428862357
-0.547540110810723
-0.49152699746335266
-0.5231827032788248
-0.507728098914217
-0.5416626148212487
-0.526733457201115
-0.5029313723313523
-0.28074214799951075
-0.3941814916492808
-0.791807103245475
-0.8959038940667222
-0.8232782425922621
-0.8090400003164474
-0.8178395494577572
-0.8102049261776837
-0.77318697770236
-0.7911751993911654
-0.7354777664943717
-0.7827861262165514
-0.6627043586654456
-0.7252163776205293
-0.7921263954615373
-0.7861115795490007
-0.8419019121462691
-0.8466043919758055
-0.8457319516787235
-0.6760785739361991
-0.9055329524858924
-0.9129599876433883
-0.9673269155397213
-0.9693068171722602
-0.9412970195494743
-0.9113827755036672
-0.8888765820000677
-0.7877400937641142
-0.5912729553949594
-0.5966581566690764
-0.6327582485006716
-0.6281280987647633
-0.6804063390225717
-0.5916412197012262
-0.621867776908389
-0.7651983739606117
-0.7014110237992963
-0.8212033869259862
-0.7706238474051555
-0.6878858005460161
-0.6129725729797634
-0.813371150962111
-0.8263840254484818
-0.787318796507902
-0.8392891135093095
-0.873841659430684
-0.8670486402135104
-0.8482061071870107
-0.8719962056382392
-0.8714310981515204
-0.3102051845418747
-0.23767756805424417
-0.32475344335310463
-0.42758346786526186
-0.4302216597841829
-0.45781020774581926
-0.4059120245799262
-0.2886781681381348
-0.24266496128791343
-0.1827132464925881
-0.019230592180355652
-0.5228217786944588
-0.5454867660943092
-0.4740069076981631
-0.45808583244894596
-0.435022993209265
-0.47371540669866774
-0.4615844181423658
-0.4807794907301884
-0.5960639181137465
-0.9402888851322919
-0.9052398615768189
-0.818934857725656
-0.7779178136681503
-0.8101261121168566
-0.6407687575089445
-0.46383732980114684
-0.24056620002416418
-0.1513488142537301
-0.12402040841605824
-0.1556294496242954
-0.1720858334692449
-0.1410236720637734
-0.297572729522472
-0.2418307226366098
-0.2527568454879385
-0.4492756176358772
-0.47225662788663686
-0.49840307070944584
-0.49697883607682
-0.4611641725055268
-0.48941689703334745
-0.48018210891443863
-0.3911242808801376
-0.09747480175621162
-0.4122938103072204
-0.4450348347791325
-0.45701670273050365
-0.4848628285307147
-0.43006981122507965
-0.4642034959884334
-0.5083819560082732
-0.48914118503750903
-0.5229146388486727
-0.5401998105694515
-0.571478595947685
-0.546039944867034
-0.5128031248491259
-0.5412506057444433
-0.5536485420894305
-0.5615606736847849
-0.4844351702235899
-0.46434022496596045
-0.44221452829342284
-0.4709280250027176
-0.5061705307706668
-0.962678104043721
-0.9366191228684411
-1.1163981312806635
-1.1435000506982775
-1.0956325444154893
-1.0625972161600306
-0.9591108381091734
-1.0205706412474491
-0.9274233116954179
-0.9097456645928685
-0.8898356567323902
-0.8214596713138114
-0.7473592974735603
-0.7889410413168679
-0.7890222847301911
-0.7395164914881024
-0.9033017744988278
-0.8808926278800101
-1.0020874069713601
-0.941111692387791
-0.9594950656849717
-0.9672872912176815
-0.9503207643653846
-0.8796167518163043
-0.8429903643501623
-0.9175754592207297
-0.958168206355261
-1.0275984507972002
-1.0468566223899405
-0.9533236674246066
-1.0203252134783978
-0.961709253353874
-1.0183823840078507
-0.9652378086180732
-0.9196836265981198
-0.8524244807399058
-0.909944305392891
-0.8581121165513675
-0.46098170934687244
-0.365069780561945
-0.9310478259918737
-0.8405980957094347
-0.8110459565082226
-0.8388345243085716
-0.9602881075134747
-0.5732372445690267
-1.039806586663678
-1.0487034056440598
-1.120320356149099
-1.1169813901173828
-1.075814312652898
-1.0303398267900792
-0.06294471359586924
-0.6730345695150523
-0.7103069128249945
-0.8585854664639364
-0.9482368781177547
-0.976397563011709
-0.9367297222826996
-0.9179084447122134
-0.627996272552726
-0.6036978805774198
-0.6497704940656153
-0.685447670151159
-0.9140617604238778
-0.39915750951790147
-1.1348477400548678
-1.0601408666233274
-1.0062213317706044
-0.9831532482039085
-1.0389924887624766
-1.0111945211614537
-0.9949375771998952
-0.9555796401410719
-0.9125157983051103
-0.900186476378571
-0.8886104976197148
-0.8136183957243158
-0.8575195576818526
-0.9373048110345895
-0.47844226838374826
-0.6335356927080291
-1.0172186923302822
-1.0008534614265985
-0.9965389377500334
-0.9877868273874687
-0.9517517127208932
-0.9231241039394277
-0.9950289453105459
-0.8950365866802633
-0.8659431090355234
-0.8891885263646909
-0.9089889819265071
-1.0096011806355991
-0.9937345473140122
-1.0055690935731905
-0.9958004262145642
-1.0818677356922932
-0.9848879328335742
-0.9976029541591886
-1.0535716366499095
-0.5232915801276224
-1.2874762610312693
-1.2201834727429737
-1.2177886036613925
-1.2361543687954861
-1.2197110762205194
-1.2169780110833939
-1.196596725684405
-1.089008238048494
-1.0938570850391476
-1.0693563850291796
-1.0354169651007799
-1.0801803115201083
-1.0024954200887812
-1.001429346213277
-0.9912902866472696
-0.9115274884492571
-0.830038987197549
-0.7966873077546457
-0.65112610309501
-0.5945602236754572
-0.5767853819021407
-0.637798201095406
-0.5797039212553075
-0.4834162092380489
-0.5979400878725736
-0.7304249062631701
-0.7691855074423393
-1.1310350040812227
-1.3224126276951496
-0.9318348790692638
-0.7149843862466401
-0.5684909326505276
-0.44696878660457084
-0.2050091574036206
-0.2913169705099981
-0.16304073722843618
-0.13734144002695123
0.0995044133641266
0.183829190514399
0.03416519234927011
-0.05844239780966755
-0.20769474759267628
-0.38566077191072834
-0.4549038823134738
-0.6790989311905257
-0.6436008024248103
-0.5258172362331184
-0.45625260491185426
-0.5858592326061839
-0.4811170736659065
-0.276403154489211
-0.23988178516900863
0.3627316578861123
0.4376858308027232
0.057663529156843835
0.058368951289839766
0.512685936821044
0.02670092537993332
0.2075361194323914
0.325750087247846
0.32715038946396263
0.6620416715792584
0.8505217566490567
0.4420034071903026
0.7331602051325363
0.7415038355286664
0.9532285957279918
1.0433636136187903
1.0886741004046216
1.008442966459739
0.9873350058194761
1.168113916671981
1.0460880951319793
1.3457599451325937
1.3637957711988524
0.7471016717083369
1.4598181284642364
1.2462687459172468
1.2333894751835461
1.256557943307938
1.6129012569639736
1.7803889566974576
1.85185303272605
2.183717359738617
2.4710338967768344
1.9295917213439462
2.4436925831769565
1.7333535879251976
1.2747785676811794
1.2099798101124506
1.2353324942161232
1.4229056314294781
1.1753845809551837
1.5791507106651
1.603338382087224
2.104415255340848
1.763766687312827
1.6597639856522113
1.3996538254695476
0.6469073590865836
-0.5938791022114551
-0.5375706297357915
-1.1590586278322887
-0.3139098422865924
0.04287247830260115
0.21620370825134966
0.19309375409808632
0.41326988748111687
0.4994993977197143
0.5650525100498627
0.7741281952559885
0.4973441933768754
0.6255284952815391
0.4654155303007364
0.9676766969053346
1.0748852010070822
0.9275018579525542
0.834159367749615
0.9575445119296409
1.3000723642256977
1.2785507443877364
1.0627200160869235
1.2262382541353438
1.2315331871059154
1.4945016412710026
1.5857068631085784
1.7766543332155282
1.839179471885656
1.5850993420070782
1.7161239611644032
2.0028893584054486
1.8897504721488252
1.7181190605485068
1.6267678268905068
1.7208056895955575
1.786849765209002
1.7719734080201421
1.6549202639867233
1.7842997298565728
1.5065991092867574
1.7158088804199418
1.772608392807605
1.8548061560186704
1.552651596573091
1.521314127393238
1.9875191992815302
0.9074332787047895
0.6555996522821964
0.5413263286782334
0.7559962409851856
0.6580381168180925
0.8337177982163753
1.0472564457640692
0.9739707107876483
1.3590026110883588
1.2455476339799958
1.517563595505448
1.8275687475402194
1.8922543788447612
2.0488201834192923
1.3138612510088818
1.4965560784717962
0.9160789566853725
0.8081044963097057
-0.23074832999365436
-0.21082575218696573
0.3616765491378883
0.29391172286448347
-0.8642641339424025
-0.6556750441711681
-0.44025643530936936
0.3118615585664339
0.20463758024953096
0.31330544863885096
0.7853461525491476
0.7930653922573644
0.7725954228083513
1.0842524482592144
1.001051761952768
0.7610155632347615
0.7236332685162977
1.101754470151692
1.3345645519150504
1.458832430986447
1.5631236355024263
1.601623820041909
1.5891656011738946
1.6088230347393622
1.7154391762190033
1.3267037593574464
1.4008471384215389
1.083459783629264
1.2275919851361112
1.346455769831865
1.4003654572399946
1.3674761604318415
1.1631753851319075
1.3287821754564968
0.9252378699893569
1.6077538256550663
1.5030217086282542
1.4063030876894005
1.1757908208125252
1.4022473356098906
1.328394826847905
1.4606077815173788
1.6781747762841275
0.480159618057854
0.6619730633674583
0.4758609129857541
0.28443760243736627
0.5597631109254735
0.679550195441913
1.0421296898437205
0.3654600376203724
0.5953083199251026
0.7915466719116271
0.3193816330045921
0.7975009384015046
0.9909142417818023
0.7842776236659157
0.8066613078159809
0.6697037161855753
0.6098092286183868
0.919126293862757
0.6109645365677958
0.380819315323177
0.15614996659555708
0.3976417821795263
0.17364036786965734
0.7621241706283934
0.094866529810249
0.3949764037859773
0.07504182776447844
-0.11266024778727717
0.46095282166325574
1.028644329559726
0.9401090175087067
1.2362849156013396
1.2240849676674301
1.567455873770208
0.6275880019151157
0.25226075753732224
0.42543348079646914
0.7855132409486458
1.1098109045884619
0.9375117914952019
0.21228898763782444
0.49122909191542896
0.8066150947115561
0.8580528392499676
1.394743857369651
1.2314066720966732
1.4161323530845538
1.371924342579442
1.3733613565535738
1.3820335834298882
1.322363630754214
1.3450903585957374
1.4268984461953513
1.129338607439614
0.38894891067646037
0.5094775388479369
0.8556420812208739
0.9883799212302106
0.8193713744533635
0.7677799292792012
-0.49742160322584833
-0.7694738590077755
-0.4919456746955979
-0.5748917405913474
-0.25883300869907394
0.27211488869513667
0.07332384150317965
0.48388092297765006
0.5573189753730623
0.6316104015485974
0.3967171756576072
0.6535785521909778
0.9159269327573794
0.8140069285360257
0.9661542403015492
1.19386553334824
1.0526486833079618
1.3125212388166383
0.8495876545801039
0.3176054964242423
0.6679601358220894
0.06589185735270589
-0.11617310161955896
-0.3336471382827366
0.38988715302434224
-0.17423945559555754
0.6297860572270564
0.892103235340745
1.1436056540031894
1.087454538387099
0.9755819384977207
0.9750724950218415
0.5846256523823459
0.890083494329387
1.0555423024016384
1.456046114144192
0.7096262143155262
0.8952099736426204
1.1950478248904965
1.1227874021456712
0.10770882661322942
0.42927828212178565
0.036843315026025156
0.5698301600779181
0.8275452039135914
1.5127290864365581
1.0472772852016305
1.1466838052066057
0.5487824106980493
0.4184189835408873
0.9085075478344776
0.4951557441897243
-0.16489709769646949
0.4759497157557996
0.48565828255988447
0.02494412738134691
0.6877754186604798
1.1173133717757624
0.6107246104881716
0.4139473210901752
0.2844034002456206
-0.17487890802271067
0.13040214366814656
0.5833813573256253
0.3609677678836929
0.21219457489967214
0.26744242102604515
0.2440867480050078
0.2954424494560962
0.49874475073215563
0.3455178431434348
0.8212551180540928
0.7052408620234466
1.0698220955362592
1.1076174308707425
1.0826942319466464
0.9167124339117401
0.9964008030225416
0.7950047142131037
0.4122777113841713
0.8963667938318068
0.7359548182749744
0.6565740703174887
0.8404391648233007
0.6089700732218052
0.6806564801553701
0.8468420562120106
1.327944127741945
1.7755330830261036
1.7347484733292489
1.5335648417822525
1.534905143129416
1.129550348487483
1.0204593439925222
1.0791261139278912
0.9049629593326012
0.8926616041161001
1.1517029468324966
1.2553023602566733
1.2207996133181775
0.969899894898988
1.2184376759419226
-0.27144059266905646
-0.3585749132174913
-0.4737308939068606
-0.4474159391472142
-0.377731013809119
