0.21691680122139578
0.2249035551524532
-0.17030549494532465
0.0024155969925203635
0.24406513274502117
0.0876454966698077
-0.2285103270954867
0.06373717993545736
-0.21864800835776288
0.19298316298806295
-0.7810741753012116
-0.6863710709313828
-0.3395242434532131
0.05800770097229657
-0.2622832855901662
-0.04269258749768845
0.18826740953051946
0.2415046983486424
0.25649819550985553
0.715888408031359
0.6957345971844195
0.6345900119048138
0.8925257977361603
0.9132209657489572
0.8920171793771838
0.7525588196329349
0.9123443434553606
0.4499167545596152
0.3007355852667959
0.1671717006429576
0.19894625399669952
0.5498706167289678
0.45582241859227324
0.5345905776483679
0.4424652652610148
0.23784154184378137
0.6120202135883535
0.4514529537034244
0.3704971795752705
0.5132706324750229
0.6599279233819928
0.9552125558985742
0.6063336866722837
0.25044524502685617
0.2613493321217666
-0.006252397031407231
0.4385197345188261
0.621164052394696
0.5652497964505319
0.41049386222748163
0.23380402653426025
0.22940362098724476
-0.155631665513849
0.2374876734924043
0.10645712726877665
0.2410068190469321
0.31722927829379266
0.04585233301794256
0.7421358084778982
0.48588407768731656
0.5609536483262936
-0.1332236275346279
-0.10277690580158394
-0.12415363843186755
0.14206687346453117
-0.16442896728454182
-0.12314745103461666
-0.47426785753810075
-0.6925291446782196
-0.4258494352422031
-0.12990291462664327
-0.6713163931359443
-0.19787018238524423
-0.14136919408530702
0.39533206063506565
-0.3452683078185159
0.1018929707586893
0.5095096034560953
0.841949957857441
0.5553621244758622
0.6420607587734337
0.7957974574826396
0.919742555177407
0.4857619579727763
0.9050753855877769
1.059687935863649
1.2227606819828276
1.2108511073015347
1.1569931327480663
1.2184308904239556
1.2346175408746305
1.0514922260578743
0.7873105111711016
0.7861967184101073
0.17444445551442112
0.25965350660377906
0.5583355365156528
0.6216107866799234
0.7450103456345052
0.5438150715933725
0.6565821738589244
0.7433459279261561
0.9177381480789162
0.6256913150030026
0.7923026493300616
1.0724229756470316
1.3192310890919323
1.0500625949345146
1.1602167306355633
0.902722897305928
0.8907236971821417
0.7828335699343265
0.998391334440881
-0.17505522616794122
-0.4301016804928368
-0.46011276979762483
-0.49413734575440316
-0.3478215577858603
-0.12868837321914173
0.119143003039766
0.295531196229311
-0.18961754553100318
-0.3058540875267175
0.18802551583757188
0.09723561353179155
0.15571721968360075
0.5303831285245169
0.6952344686168934
0.9563262321306136
0.5186028406733403
1.1814831059867608
1.4953324042457128
1.4463655525941066
1.3719456853451506
1.3946505041871848
1.509834220614457
0.9382577218580161
0.8911945966470771
1.3533747448291997
0.7909285400618109
0.9939729490581799
-1.080963546724452
-1.351895688049197
0.2818450480984396
0.7158264869326771
-1.3577291152329791
0.5175946372806055
0.2804251119856134
0.5939573143811137
-1.9488685923230054
-2.24291121659562
-1.3340747590773159
-1.0299065228022755
-1.8990460232356936
-1.7461461316547133
-2.150066811351058
-1.8377200501238191
-1.7800375234470467
-1.6104476040631175
-1.7628536056931015
-2.65649511181799
-1.818317685382366
-0.5122529450728894
0.045221510930314235
-0.21815592078225876
0.1050546338802687
0.733238494008039
0.5403181651915636
0.978302765407054
1.1557278289250412
1.1723005421736414
1.1041570115412132
0.5420886938044038
1.5995169151027078
1.313146602755606
1.129947723315727
1.2166446579551158
1.475194370329052
0.8504900286150932
1.2399588566584283
0.7734538966954014
1.5677371969206924
1.4409704281410534
0.15726875199066503
0.9189619097098758
0.8644629146876337
1.00216667447024
0.21734747426979117
0.7062730443763798
0.5304604709127427
0.7382252269152909
1.1070588418921066
0.8333159354706963
0.4584971309514514
0.6239104322842013
0.1384259880638079
0.06091631202214476
0.13157196573326368
-1.121027991186796
-0.08322842230255745
-0.3496475291940322
-0.05424067698437529
0.09916592611915487
-0.30194759760660617
-0.6729579345773957
0.036898884434567236
-0.32834103730491737
-0.2269742720771304
-0.6265208184076072
-1.2133583953221763
-2.333108211221596
-1.2261940397123987
-0.29032912103954356
0.12019949015188347
-0.03178006805865996
0.32987409228736775
0.3933221956710482
0.2436005778271202
0.46030960379490304
0.5893703436891342
0.8491225082531222
1.051157453669961
-0.3726007374214806
-1.7768745620338948
-0.7406040488476586
0.6524114580441469
0.32991349408774306
1.060771516519778
0.6580318471211593
0.05279068538554865
-0.04510515890851652
-0.9716174526319525
-1.8693160373109277
-1.7934164210967443
-1.1074913293394975
-0.6146362681250617
-0.4968837100717485
-0.1261534524665069
-0.1499426668889523
0.08982122084123567
0.504214563834648
0.4821419893439187
-0.7119428329084325
-1.691425254832732
-1.6590773450282588
-1.3184959436403787
-0.8356766098543442
-0.21027692456301939
-0.6483993676536182
-0.09973285134559795
0.5196041672792076
0.7763888500609246
0.169141504033675
0.5745906730719321
-0.8215932232900494
-0.07813749751578536
0.4481773497054702
0.499050433306544
-0.43775892449801956
0.03430360905025953
0.2597190783477399
0.440523870258287
1.2151441721650853
0.5476154756460194
0.29520659018490614
1.328557484053066
1.4181526909083804
0.7039190356832878
0.6071503151296258
-0.09262735363590924
0.7599126628700636
-0.2743204159378352
0.2134942643965112
0.12690205208079108
-0.1717706519522939
-0.47272720943860147
0.12453796165494424
-0.5718128756883143
-0.6457378008774022
-0.8897966468463336
-0.29759204052921406
-0.7043048544094201
-0.5806644425612251
-0.7821294752165668
-0.3829969050603479
-0.7758535607392849
-0.27130491471031615
0.04197647387343029
0.06675380884541982
-1.3079243459424874
-0.23219527015774988
-0.5744086319611084
0.516010487875679
0.7593198380312733
0.012919193172945764
0.38661252211335917
0.2933610987701769
0.8397731580587164
0.8987652798152035
0.9777500223975211
0.4907082786004171
0.793155710948847
-0.02519021284579681
-0.6469680669252535
-1.4306279032347926
-2.0438881892025194
-1.274653360734519
-2.0168696161749162
-0.13200707955954583
-2.0825237908749217
-1.583603714739296
-0.5160145428807774
-0.4727183710921796
-0.08567265490073694
0.23978564113218814
0.17424071461823942
0.5265150813064157
0.5778212617392464
0.5399840151859396
0.40237195569125195
0.043162537191583805
0.33700558074346443
0.6549187999933603
0.9423316639512205
1.5754128670241263
0.03393411435474558
-1.847172735074425
-0.3696828361222031
0.04758896531200474
-2.189488674971506
-0.24141801753744963
0.32722989822629334
0.3571970831810818
0.30025550828148173
-0.20664298033298234
-0.24074616411229321
-0.018810326476354167
0.47353751164438673
0.4781051026676799
0.33098161055871156
0.23180600100280113
0.13241024503887733
0.8779558166624883
0.952893948553891
0.4992878317391969
0.975999710015377
1.0451764076421037
0.6635175506169015
0.6122367779634841
0.3781434140617499
0.2704497707466702
0.43773988623895166
0.5332374858364286
0.7783938492702691
-0.5433931118768021
-0.46422502972070223
0.12410353194926493
-0.6877006488034789
-0.24555508808689908
1.2300446564081646
1.0855296298958863
-0.42883328454980196
0.245733624739914
0.6395822154733324
0.46145727928469027
0.9323107559826136
0.8035532992229251
0.47750753030735504
-0.010448068200759497
1.171062617918015
2.5629925380285083
0.6398650660313274
0.8818027362178738
0.9502327317430566
0.9415597786436543
1.0360094396234856
0.8730629014957545
1.0307611396537988
0.9275696200147681
0.3188682018140474
-0.2725362686339583
0.27638234592340805
0.7127171401261454
0.8021582838012109
0.8143038402091229
0.15319059452116113
0.823023153765372
1.281384448793391
0.6508960820030327
0.8555285001572623
0.915555124794591
0.3622911934760049
0.6565274302854349
0.5269788164876181
0.7502854273226585
-0.40234325484563094
0.16472828566892206
0.8508565732451601
0.7593849785762004
0.4945225154283355
-0.04935746865254087
-0.765617595462412
-0.1484384134897221
0.1954416079537027
0.8558304944313053
-0.21403261529087247
0.03770048806047521
-0.003019167129933109
-0.48962206564418276
-1.4394993339920292
-1.4056154441642215
-0.3884222040182377
-0.054300384404289304
0.5171820454023326
0.0751961671136181
-0.5736582644900308
-0.47248101246941543
0.055437611433445166
-0.13626294835028707
-1.5476776966713872
-0.41053118209089234
0.16639950734361886
0.07828148473487229
-1.2113833034349404
-1.2688730061787772
-1.2164276093125195
-1.111292177051201
-0.5378880991526485
-1.1065900065145817
-1.8913242458007569
-2.0725835166847046
-2.0629560300131606
-1.6635608361186465
-0.8358337110019616
-0.4640283895588735
-0.07715144837449905
-0.4011823812215387
-0.4653215504119297
-1.336123889914465
-0.7301939986313912
-0.02109108251162306
-0.858984308517712
-0.6788598604087381
-0.4755383391199919
-0.042443624530215995
0.5354890500138447
0.018158774738926464
-0.652617697232377
-0.3221991411141363
0.11181548506785521
0.5680450205807901
0.47243105821456943
0.543177226847364
0.6281922653602412
0.6626924995418579
0.6133500907939613
0.20824058443861304
0.6348317346437873
0.5165232300294917
0.3160786884152058
-0.9684463875929243
-1.6573818574514478
-1.2867549229841464
-1.302295676984794
-1.6367041870458918
-1.165200249197027
-0.16375986373178453
-0.943063670535299
-0.6728374151584311
-0.6220805403671834
-0.5502191546759181
-2.0963843267510107
-1.2357979110909334
-0.6348994967562049
-0.13353361466745062
-0.3048296530338388
-1.4283493337192261
-1.507262142367217
-1.228193016444474
-1.6996890380438203
-1.7739135187536816
-1.1625328378926219
-1.8770978821506208
-2.156507576207631
-1.306955013403361
0.22313044325072617
0.29136841952262893
-0.03132425384381987
-0.181997652193016
0.30904537930515197
-0.10075976064208314
0.013701280980860542
0.5453591719758295
0.6007243974548113
0.6161485562062645
0.7345266483797745
0.4976273845338759
0.7972983330249912
0.5391831470502395
0.4356104554166955
0.537636863593904
-0.12016671678770585
-1.7177307132485533
-1.0415978870491693
-0.5999234102783775
-0.26941597643010695
-0.22503606059466152
-1.419284193729455
-1.0427260195849377
0.3219634611758404
-0.39403877884031147
0.5475941996043252
0.7674434142764466
-0.4242594736840464
0.6659011802062835
0.6353374568848302
1.0126173554727473
1.2814105025067866
0.9128326688421686
0.8753067278227009
0.7222225872538748
0.7741265902495584
0.4383606327847622
-0.34922881490181235
-1.6786595260477992
-1.0354237684357914
0.1602595102753952
0.7599744010141718
-1.2919810934911515
-1.0166163148513692
-0.581169068685508
0.0980129405029424
0.3412702419247715
0.23280312832825034
-1.4152428057800537
-2.1364751643766917
-0.5350500470783985
-1.637773070858292
-1.1829948560045485
-1.709016974695069
-2.341479729870024
-0.9360622309791153
-0.517828824735918
-0.9642866069767262
0.02125075507119112
0.5942463978890804
0.5632413288737208
0.008098966947114317
0.5504170921149112
0.5331197863167096
-1.1634479043059887
-0.29738777710270003
-0.07186806004778212
-0.13863855548803627
-0.7780537580933045
-1.7451565733738428
-2.351652871292631
-1.918073655170884
-1.4772310563171402
-0.8938626696057035
-0.4236106102796109
-0.6232159225357528
-1.8288998464108364
-1.2858311496246189
-0.3481346932864864
-0.09446991433173091
0.16335086169803192
0.5614320336902616
-0.11447118180902782
-0.8661631237023697
-0.9960077110106473
0.3206065337837578
0.7537403873523769
0.29863234260228566
0.5839952224758016
0.2204823674553924
0.4597446441978623
0.088731099544892
0.11122498465662867
-0.1547634373822664
-0.4339082291320717
-1.3511733361393905
-1.7696991923451255
-2.2686690674858156
-1.8553980675903787
-1.0392319182747354
-1.0321973714903587
-1.8119006611507942
-1.9169436972094154
-0.8857006597017407
-1.6034962165579152
-2.139914721701147
-1.562589015089796
-1.8734498628858827
-1.8535765225604939
-0.2770055961264952
-0.7180392657668517
-0.6956593985216366
-0.374388417361585
-1.021207298232018
0.22086401833981784
-0.03513045403613413
0.5200726832676712
0.9357777803971472
0.9164214046285637
0.1223524078803706
-0.4474347132122132
-1.0373258502819247
-0.37698689327219315
-0.09529395663428186
0.2974093568238527
0.0420842253795537
-0.32953008244561266
-1.262837135999571
-2.1202472240010906
-1.204962795658489
-1.2027067390780757
-1.1604746734559201
-0.8581335417439724
-1.545488283765548
-2.2554003481871527
-2.819926668998713
-1.5623453400468086
-1.021770968997251
-0.7838081250031474
-1.8453991148713302
-1.3700265202705804
-2.0269388594247215
-1.8508641509767219
-1.9827400116675467
-1.158375876948612
-1.2458878978190728
-1.7995193880710922
-1.8119706978486039
-2.0988946160591064
-0.8494877562900247
-0.16289315283281125
0.40146312239255133
0.27809677248579634
0.2692132138217831
0.16577271631006774
0.4183640196243621
-0.011396629124122537
0.16656256166900008
-0.9369598031203326
-2.4275192103282572
-1.614887146501802
-0.6596466935564624
-1.1796682704759223
-0.8525057468410393
-0.8636830223654188
-0.3532633715718294
-1.0874694521554296
-0.96756121332535
-1.1377797419260727
-1.9452814573673851
-2.3556387732872066
-2.35564709444816
-1.9141894497089464
-0.8861613971295645
-0.5630750314268527
-0.037268220174865085
-0.14186044661162578
-0.04011039844258901
0.15004463682766778
-0.5555054536109383
-0.0682402992431057
-0.0994251666138477
0.4508523398794022
0.09940628400681462
0.508467923258471
-0.2087833083816779
0.33887712659586633
0.4068617781534254
-0.2104851104929124
0.12647175036199743
0.23436796142652971
0.3521490702299457
-0.6503654719164342
-0.3290847990215271
0.13171152324282165
0.22713478466330583
0.4460359718481519
0.43487264321891983
-0.06636540334648489
-0.4567533416558409
-0.7824556958971973
-0.5247300291982735
-0.34813643743427036
-0.3073764853107046
0.21485571751100263
0.32291662657707043
-0.3201732702655189
-0.477194788370229
-1.7569868624417708
-0.002620539857706383
-0.3581317641873416
0.30292713768833446
0.16220269664176667
-0.02585476169737655
-0.701301678986384
-0.9060643370136627
-1.042824177518472
-0.32550581865596806
-0.5295631474266815
-0.2949764880703034
0.09672525230045759
0.2872241617828011
0.2635429427957292
0.07019178550226801
0.20305244676668144
-0.03987522352755102
-0.06408778292439576
-0.24300650672406787
0.040989276710300615
-0.03276223825622493
0.10170217138445725
-0.13073800517720535
-0.44555106656514587
0.0013368936031086243
0.250155569177962
-0.01513287810689512
-0.00927913701220362
-0.2121940135581939
0.29347548104461607
-0.3708228690745421
-0.13408897264419117
0.16669951637651126
-0.08982905111664952
-0.8241840016511919
-0.5043055011854798
-0.42037374206660916
-0.1257202476483994
-0.15089396700147706
0.02831922674355747
-0.23285567038962718
-0.2513270861086987
-0.3064451866755018
-0.6020002361619619
-0.7751791284476912
-0.548712752271105
-1.2711580734209416
-0.1743716585114341
0.51128574498575
0.5600009922151181
-0.2466888742256388
-0.8028314980986209
-1.4220110261001384
-0.5983737912492559
-0.3463780706313706
-0.2855543567518235
-0.35584523876710916
-0.08768029439652913
-0.5305588816317948
-1.6625226810274263
-1.7534547815994204
-0.5033595016177141
0.13884459774771285
-0.07253104210673911
0.36710411066170145
-0.007627755999119579
-0.2822824860889068
-0.34936459583245494
-0.12734544738439624
-0.048965934699376046
-0.04884255410367766
-0.6884223365264321
-1.2147028250886547
-0.39219723728340616
-0.5359435639647785
-0.18043376829549151
-0.2272336696622972
-0.548549141698282
-0.25725022470845227
-0.26583369738939133
-1.8115515541625336
-2.0915585128722713
-1.5265114952624181
-0.09522555134053334
-0.01992992284456907
-0.3109529133713367
0.28914391055317257
0.4285166923444512
0.4720898337316086
0.02950833210322168
-0.4182038203812928
-0.6309851012178789
-0.371669598039698
-0.9750114698938814
-1.9597704121587562
-1.6332367390923217
-1.2900994530363736
-1.2131522531389805
-1.4775866180712223
-2.1930591230188208
-1.5649363487051386
-1.7902378433541513
-2.311897699911508
-1.20482213145995
-0.4538762172833257
0.21493888708309195
0.1256412616455309
0.3359743476313781
0.14541411747619248
-0.018027480096668658
-0.7968557593869314
-0.7146083826730596
-0.19459928151862504
-0.23277584016366548
-0.616280695020873
-1.7503571597142364
-1.1789439548338327
-0.13190740288012037
0.1762727564025477
0.6275459822084168
0.5054275417024789
0.24920205252127792
0.5326372042469405
0.7563766181602989
0.955253169511086
0.7240477104045082
0.32287776958725045
0.5662045246202156
0.6883611305521251
0.7434689912496406
-0.022647705933042328
0.29056518147410904
0.33137760154530316
0.42917678614490073
0.36344350939335346
0.21122205069153477
0.11996150198484257
0.44271692697636444
0.323260110505994
0.12159978165448138
0.5864782938599769
-0.13706577065460657
0.1325450616320052
0.08471022290268593
-0.05753895073469506
0.3097552847453122
0.6444677960951175
0.5513780090835487
-0.038700480540692084
-0.4158481495720041
-0.15269862181765204
-0.8106111415790431
-1.7822282449162337
-2.40562650208215
-1.254293846874035
-1.320701852937553
-2.284922574176132
-2.640318877592429
-1.2380324865708645
-0.20306969037961187
-0.3798359856211446
-0.05024192182012044
0.09963318259021925
0.05273121192802721
0.047355580438279254
-0.9358380073027144
-0.8317797020565203
-0.4009966484290457
-0.33117390194641816
-0.27161943041930403
-0.24037440501137564
-0.9368807339424936
-0.3334055738879118
-0.13056055935856614
-0.7982805260543873
-1.7515492546417615
-0.8819280702131662
0.43176768528472254
0.18891611522835028
0.18211503756501957
0.5552996088698148
0.8770772603611752
-0.03837141037105107
-1.242145888873528
-0.579938746509161
-0.08782449222138577
-1.1318213877340937
-0.3908806124623623
0.0032306682725864455
-0.1733780299421226
0.25622788542199837
0.20175276911544193
0.15441598103044107
0.3079288140101588
0.28148809670049735
0.20450653178805656
-0.09273533860857741
0.32059799327087246
-0.1297636809472249
-0.04163567262958212
-0.156835053927328
0.11889868115227209
0.01682807997321456
-1.3475941218624428
-2.1055683536075605
-2.2429548442927887
-0.9086196216071865
-1.4750517446441989
-0.22035544774419513
-0.23279618615556918
0.31636244888066
0.02455148749013114
0.25532113879758445
-0.1652419690925666
-0.050433870523127755
-0.11099873755583856
0.009560897863348128
-0.8976707804189659
-0.47968304418460095
-0.6171681245354468
-1.2450928014186988
-2.211987522507634
-1.178267008553481
-0.4094953075687182
-0.8513478807417778
-0.7211979095538079
-1.9559517022530213
-2.1026735434014774
-1.5459506167473758
-0.4047227411548673
-0.4659386055313326
-0.12266503877483137
-0.5030316398336709
-0.450308868795227
-0.41043488147369933
-0.2638303059366973
-0.0025124899240811516
0.20352931144246833
-1.318857372837837
-0.6475662784494576
-0.031947207906581454
-0.02839699507786886
0.15621139296825337
-0.4468417153952413
-0.6715029700987256
-0.8107362017198068
-1.031606373590504
-0.7392602242860558
-0.4686378395131614
-0.39075186893588976
-0.6302626271087295
-0.01700572219175145
-0.2086954499118896
0.43426830967148966
0.8032839443778377
0.6670184829741448
0.8904378272034368
0.6089147266239863
0.8356675220088858
0.5010598669620854
-0.0855187625957945
-0.21871445065608786
-0.10019156732194512
-0.7197511624123503
-0.037389087206285865
-0.16133854576725337
0.03472571942878799
0.5080949400932044
0.3381598422147136
-1.2178564703121322
-1.865645088488455
0.07816990158036541
-1.1827680714975144
-1.381149953868926
-0.638017951248059
-1.1592143279611082
-0.8676174853033338
-0.3890649099449761
-0.3222244329550481
-0.48914360572799165
-0.990351714155663
-1.2567301366256614
-0.747534723384951
-1.7304983317094635
-2.252770238454233
-1.6798252563330152
-0.350082448523207
0.09051682459761157
-0.07907699190957151
0.14191371213471848
0.2857970708823374
0.48455190914028146
0.3812842751432255
-0.17843777705452268
-1.2623808131497034
-0.18070091570228985
0.10462228474600632
0.017596007472354014
-0.21463947792749583
-1.1116835042939417
-0.4764191311994854
-0.40650072280957916
0.18329173905570206
0.413303454018755
0.03638063282069792
0.47410614931159545
0.2492688885857013
0.3155149868174889
-0.2777066510559396
-0.7424398735579016
-0.48175438747540156
-0.6702945376882026
0.011857291825991823
-0.010855242689578493
0.47068686772347457
-0.0730625357086172
0.48008414828458923
0.7732139851059752
0.9483694182939262
0.7608252660611576
0.8650160396300342
1.1937896489748803
-0.45210776349206006
0.6795425117286764
0.5559598588361037
0.7440837948616421
0.31602809294285006
-0.025665387692265895
0.41862036955165083
0.06476714603667322
-0.11786372883447616
-0.417032706908945
-0.24200994868493142
-2.2945772157709703
-1.5983491300575723
-0.25698304078911516
-0.3020305880407914
0.1538082886680443
0.3009673307581813
0.548260385867855
-0.7533810540909158
-2.1685030100330134
-1.14029000637623
-1.588970347759747
-1.7180452502664167
-0.653919525832698
0.23887958826456535
0.5772467300923716
0.45747398745362977
0.34311687908346533
-0.43063896529141976
0.14452191113074253
0.4320504078865026
0.3289583709924564
0.3894017710196529
0.6159661241688794
0.798729719938843
0.4156925677589842
-0.18280448059068455
0.06304616654714446
-0.708612278491731
0.08379940819040543
0.4279647148757455
0.050543377058488215
-0.8435438622170344
0.38621356957907693
0.637675955273076
0.3534217512139213
-0.6172922406322212
-1.1246869772313828
0.588777792565971
0.990398350862431
-0.11117008345062951
-0.6404758341830967
0.28781276535047606
0.7614029568877312
0.740056368747144
0.5683505122654076
-0.40171476249605265
-0.18216060350488572
-0.10631534843978985
-0.029340203790876096
-1.637487164980613
-0.26580180423204913
-0.1936413350822912
0.35582716363930755
-0.03741807752112969
-0.6071429110641748
-1.3364818114518087
-0.3605226836923525
0.4835899893957989
0.5196261693031117
0.5819016261336043
0.8898561554059112
1.528348599248921
-0.19178486413695683
0.30670233314346174
-0.4298880986251117
0.4027081232970713
-0.24155931108119333
1.1623083041017548
0.7536929048392418
-0.6188392214717524
0.09416809096346102
0.27918341254352264
0.1205496355271265
0.4063006415744037
-0.2822298596276691
1.0955482513402428
1.375213333418479
-0.09612229654657956
-0.7137421192438036
-0.8612770292968246
-1.2352261127805677
-0.8066825414871748
-0.6783012357126696
-0.140994407264166
-0.005122763522765972
0.2649531974123831
0.2207278156866268
0.19306464682251168
-0.4863601811285623
0.3628385026704235
0.18477486699759904
-0.19125415388386635
0.3267676961340684
-0.0467425004099864
0.6604142486944466
0.08036864942194022
0.497455855387154
-0.48967615034964806
-0.6555148022618491
0.030701611040389487
0.06033383229329603
0.17514484874165737
-0.3468572718993057
-0.6292153163969072
-0.3238024827065584
0.17688892817248236
0.5053564576649174
0.8253189276343442
0.5206973695681176
0.21811584094759118
0.6843331389747869
0.8012323796614664
1.2919518122952756
1.0629170357590496
0.8314404584296611
-0.8129116105547887
-0.05293005623324731
-0.53202056333022
-0.1658421416803555
0.392142580556222
0.5889010571347235
-0.3108808015916935
-0.885713322113366
-1.5560549089533222
-0.9138348080795589
-0.06471846604347142
-0.2844071190243782
0.01234761774468307
0.1755787123005681
-0.38212569639700744
-0.3929683878921444
-0.1581999410707926
0.025680264049197543
0.2228525030023465
0.5983915856097979
0.26530287134623576
1.1689596892666754
1.2329224767964089
1.1100620726069397
1.1059059764438297
-0.2723122785439336
-0.4166511234505683
-0.2522738528056272
-0.009077959621185627
-0.330230782094592
0.27928151824011627
0.7666273122064351
1.1499685664187504
1.2070140516075374
1.3021500056309767
1.2794616445944982
0.5201437604450452
0.9605349208233092
0.8292370220196452
0.6196970545753739
0.3964817717137863
0.5183823216187395
0.3048084904366726
0.4759456278618299
0.48317251290799046
-0.20071585120532154
-0.16506686789887492
0.12854719439485462
-0.36949285324245684
-0.45905032713373384
-0.42032332096993796
-0.16287204474539108
-0.8299987819323136
-0.32876586742098546
-0.007678172815418272
0.19773847459752147
0.048345680029507676
-0.28819338279003004
-0.08881788127764878
-0.028048085082903462
-0.5495447628552408
-1.153038220938655
-1.43477341737346
-1.0753451576187438
-0.651188499123204
-0.15506603788694795
-0.33683184283138345
-0.3553438056593885
-0.6233060451147932
-0.73128272316346
-0.4564262310755547
-0.23721745378758285
-0.09908612865313948
0.30061262646271025
-0.12815512082736857
-0.03051318203716402
-0.19833365297108774
-0.5473512274441412
-0.26286233558196326
-0.5391931500927365
0.364257176646106
0.48742161036693465
0.5029521147738767
0.5301832029238143
0.5727337682308336
0.13132839861398615
0.5597910001053359
0.4267510268374455
0.6195257405230081
0.8370490537676951
0.5374711380439781
0.5283674201589483
0.4856563189839078
0.3187155448834451
-0.3405580280416194
-0.34094620033857437
-0.053517426623216124
-0.35977268301556764
-0.11497299685918128
-0.0740994275939646
-1.396294679183337
-1.735185310246713
-1.8333667888408343
-2.0289088899289167
-1.9178260558508897
-2.157985829366621
-1.5630691499622278
-0.5843345902463777
0.09454808913130375
0.22537950370587634
0.42434098045403346
0.30408440954608507
0.387355293319509
0.5781048483364093
0.6787359445167329
0.6026427831847063
0.23579454093804797
0.3009691339331346
0.037860189870551064
0.44283238562191807
-0.11320380737122315
-0.04025543034601764
0.4436350835632319
0.26580683576322617
0.10286875161103914
-0.5176533844000772
-0.3393515264078939
-0.12216845535231657
0.3556440415921518
0.3741245281881791
0.5677999341270499
0.557646467465243
0.4533221266593159
0.42860219227764285
0.5619035984316993
0.5018511454728696
0.05501416161222883
-0.26358380291477923
-0.08096269679988177
-0.5005113958931369
-0.34762986877235225
-0.7135473487419923
-0.2811201360744313
-0.7543306303731505
-0.5142457969841736
-0.6552113827806121
-0.860052322708883
-0.6587863945891343
-1.6376579413043162
-1.779725489353912
-1.6735307797368917
-1.8484211998215088
-1.7465382030297547
-1.7411514771373737
-2.3043539588786355
-2.4012450936889227
-2.3781869095168253
-2.6832852530109355
-1.8229904821529845
-0.9272222502522847
-0.09965480197859033
-1.5333576730862029
-0.7796702902635606
-1.4761220651905844
-1.8425395061069207
-0.8835407214266617
-1.981511825415514
-1.5884674713879354
-0.7003597165525184
-0.15210846556362778
-0.3677850075927269
-0.847677788644851
-0.5662157212904022
-1.4239902908022162
-1.318948876150324
-1.2048579717466237
-0.8762731112809852
-0.8839252471035652
-0.6739439144895578
-0.3125692775544011
-0.289509383087327
-0.49123109221153616
-0.09160063166927923
0.16490744654840972
0.40385237218975556
0.0075582210542148864
-0.15932498296069753
-0.38283988748540043
-0.5033993840166051
-0.13583083930290396
-0.29369497554082
-1.6872601880072737
-2.086067230182187
-1.305252230875184
-0.4882251768039598
-0.685027519987842
-0.6287588842112872
0.05734063993142202
0.040529548323913644
0.0037732622009172267
0.27570434958531287
0.17942518714335254
-0.8504660881096211
-1.862489301473695
-0.6806785654094423
-0.08617007971284263
-1.2222109053238703
-1.234282524789762
-1.4989439253385892
-2.1560925959842163
-2.0817130501618206
-1.5222655573131971
-1.4561271048603472
-1.2241902327223397
-1.0598743236009167
-0.7235719900872453
-0.48448813496149956
-0.09694314785906011
-0.7159178026423514
-0.7497726177437118
-1.3920615303684862
-1.09132731653949
-1.363002082642577
-0.39613023670101555
-0.4149789849136276
-0.644068579882711
-0.2893105395566984
-1.357857452352391
-0.5595903839619547
0.059338674161609095
-1.0087395629211091
-1.3462663223454572
-0.9392699045763633
-0.5113500214547035
-0.7939707812918866
-1.4915018942147587
-1.137492754332962
-0.6530363999424575
-0.7348562199172597
-0.8560777096400138
-0.5655570252544027
-1.8976634354919788
-2.244104962465631
-2.499682992810584
-1.3396458029277691
-0.5591149486922093
-0.16833316922322128
0.28692595292996526
-0.24442375095827718
-1.3944591107538953
-2.3487834739845033
-2.3893112566992087
-2.8578225306775398
-1.905759485413137
-1.6884893197517659
-1.5719278633566134
-1.597215660733968
-1.3218827546850205
-1.8292296811897406
-1.4361812037849722
-1.6277460258574887
-1.5209890816542866
-0.6198519587266191
-0.13916432607825202
-0.25005020910369025
-0.5524055632403635
-0.20970299352229294
-1.122062405334872
-0.6724802163719477
-0.42477535931088584
-0.9947088496383807
-1.5300010832428985
-1.9526098988661098
-2.2841079782895717
-2.2902608031742164
-2.202857155007188
-1.9951898767071352
-1.6668360215565559
-1.410496936230742
-1.0205145493367644
-0.8393018814181044
-1.038823611168654
-0.665118119300057
-0.3709315543866114
0.05691083716784551
-1.2236237516108963
-1.2607726602056677
-1.5867092251451111
-1.917091667607231
-0.9932825421321907
-1.0658377602011735
-1.5735495034443432
-1.4167969427526497
-1.7132742718294496
-2.0571469221125906
-2.011523819899372
-1.5381166538596955
-1.1363163295159446
-1.3278050160874246
-1.9461871540691675
-1.5299620080605527
-0.9599138878394178
-0.6666689845373903
-0.9419038921056597
-1.0022193117045652
-1.9199810843479161
-0.7338810692529916
-0.42509818148774414
-0.22731185138774634
0.09470955274054793
-0.29789210721611514
0.1994612187039948
0.6420998996004692
-0.2095846732177793
0.4183724243095863
0.4924846876573761
0.4949887296129125
1.1997907076542416
1.456499523010808
1.152863506699561
0.6947679880026816
0.6737071636282166
-0.8553386080065835
-0.006559555811854079
-0.6627147474975614
0.20095485422565984
-0.5206090193019235
-0.19056971832089298
0.1873266211404827
0.8376468509727766
0.4683262279178395
-0.14359350807021976
-0.2916042606408933
-1.0450654767745073
-0.4929575521828444
0.25346135895682
-0.23216295507628315
0.13795385600084353
-0.2988530362362214
0.03742996007490085
0.5776528195763055
0.5802442908833845
0.3716398794024762
0.552309031004512
0.2501075077158128
0.5661812417788616
0.19558449014454737
0.6120040342371453
0.7500237703698551
0.34682742578112746
-1.3300135581726538
-1.6366092436981463
-2.1099611990914187
-1.0993219607877247
-1.028330841340689
-1.077757852044761
0.020911510461865124
0.06249366437179704
-0.005213079623247463
0.39289699780191434
0.3772484713747679
0.8873709259722355
0.6951460009093586
0.12155025825864918
0.8039175954146631
0.28188970112103995
0.3564220898816286
0.6293299802271495
0.6927986603472727
0.35261721024199044
0.007108414339148883
0.31758067121357003
-0.8399717051908437
-0.43909941124817786
0.07086032131703046
0.14128332268892319
-0.03461238720782145
-0.1562731001403792
-0.25630845744760045
-0.12918101099451462
-0.1310111982638591
0.29563466484587053
-0.21974092618102903
0.5791482242866741
0.5753785867525756
-0.8800331323404633
-0.10219952191886517
-1.5226508749334506
-0.8738387239022041
-0.12082769641444635
0.09039839650208448
0.5939292462576282
0.6723041901509252
0.32410314755143865
-0.27543707844425036
-0.0834782493790307
0.6755135888943702
0.6715470322133199
0.1514346363271435
-0.8003553223002626
-1.2477717941589845
-2.0091738873001614
-2.2989471955705847
-1.0315077354658184
0.35029688568906847
0.5948761311202322
-1.1815947640477127
-2.2966565835684944
-2.034619330752677
-1.2625671437592643
-0.9376177687409191
-0.5258626378910254
-0.5520479774317941
-0.38870690205091973
-0.49560098060682556
-0.1414913974205101
-0.040654876040477905
-0.21587944133489367
-0.048963205742481364
0.05979797093856831
0.6081538831394138
-0.021084848072408846
0.3745327711767552
0.8385066618595145
0.6222699042905178
0.7499663221917645
0.9756438896087727
1.0796308127140581
0.9317941683432371
-0.15852720344321547
-0.23397078485933376
0.07065939648192243
-1.4453309146550521
-1.8932579056936358
-2.5986728852691696
-3.0481220747384223
-1.5875335230630923
-0.526558266523363
0.30966103714313675
0.2378511784408439
0.5811639602714829
0.919438044578683
0.6728969390047301
0.512926219674112
0.7580869493244502
0.6945231393418188
0.9130742845504045
0.3383374726064061
-0.020484046923858745
-0.7787440130232421
-1.0038084233360807
-1.611729264871536
-1.6377566124301541
-1.1728267198534175
-1.0187010605227784
-0.902793175000437
-1.6188635225059325
-1.136879329848183
-0.2675725031321643
0.34391353101175737
0.9371662087673123
0.7099946464062907
0.11888095592866499
0.2981304923168837
-0.32652476627755966
-0.262051918625529
-0.27734395991007066
0.421083006818626
0.3993771420194818
0.30122120595616364
-0.09120531938473242
-0.7790817032743811
0.4316734262764199
0.6008886582042345
1.1207244743617362
1.4947707157721286
1.6612912304927985
1.3681091932752762
1.4427705489854539
1.2012992604509938
1.657139257147274
1.477664937056323
1.585568910964521
1.552186542316016
1.7614256644518589
1.5259405791615803
1.6296454124196016
1.7162840015112888
2.4035401928609614
2.762042800200028
2.344575427268686
2.7049336218083466
2.4687514845088376
1.7544660345674448
2.0999369401131522
1.6487589343836468
1.3062971908023764
1.6512969005620315
1.3870888577696343
1.7045925685249088
1.6995531102001884
2.4137066192031114
2.7279010787887303
3.1085146267630774
3.1931298496421405
1.8258799395499121
0.36068718506546515
-1.6274908213472337
-2.2187044621051553
-1.6311324607728708
-1.9330673895877277
-0.1805617904224488
1.1832019794548159
0.8153082015969098
0.5133428552887409
0.9419568207776141
0.9988753785680089
1.0184429460111386
0.9704750818876073
0.7730095453498862
0.4444566287950793
0.6121989981532043
0.43652397145261146
0.7876899137309912
0.059420401468042616
-0.10022487586785855
0.8217990768898917
0.8705689381456425
1.022050023100272
0.7791497260483173
0.8185171594605718
0.8386623405003615
1.4945783805162902
1.4119077462851983
1.8603163234097178
1.5827225766181163
0.7982361627014529
1.1702630503493854
2.030104889787541
1.6398604562870034
1.1751287179763081
1.0455127549276786
1.0374970179953236
1.4038852514869316
1.2679427186901844
1.4861059027616061
1.8805368953729271
1.4514903828125103
1.6005273320114135
1.8125451103938541
1.9301736742816216
1.1125291533245316
0.8484118687854112
1.4514107185296918
-1.3039832542021266
-1.4613707512608307
-1.0338073702332569
-0.2780674383349595
-0.6051713144133664
0.23511041349884731
0.7191601431423447
0.20173814691728964
1.3836243186444364
1.4683913188050637
1.9417945928149658
2.1606178905071296
2.1374736192687935
1.6480371865791952
0.8592083048735315
1.0696336312104724
-0.23624496969066078
-1.1833164592929344
-2.327276150742044
-2.04689676476198
-0.2927091630355614
-1.8769560617843488
-2.1225264044296166
-0.9247137518245585
-0.7494886533738492
-1.730146269132154
-2.5792557790873216
-1.9891491305683164
-1.332700959649693
-0.6743133753807102
-0.03313880808966063
0.0072382599743114895
-0.1636018523693541
-0.5103273369223533
-0.7110885203678583
-0.17617046485999888
0.48709846713599525
0.781907224572115
1.1653773581413982
1.0426891185208862
1.1053114183309893
0.9264447748302627
1.0379299771748656
0.36788247228431237
0.6727062424846331
-0.25548823266470455
0.2803864494728465
0.5647338111426756
0.17630634804031153
0.7922822032515522
0.9767694687217343
1.3242243694597082
0.562502672161826
1.3760984375020548
0.8673887376250837
1.0469251305999459
0.2729372707363953
0.5237123691794223
0.29422109931263707
0.19140472756028437
0.084255828488363
-1.3748178546311562
-0.7268393927572236
-1.638162318570023
-2.1190167613769657
-1.0855743589314704
-0.5074408726034476
-0.35127434543338776
-2.263155305665346
-0.7842096434890893
-1.1899451611410508
-2.1947492661466352
-0.680143104357525
-0.21315750338935713
-0.38501684576578876
-0.24019570975681592
-1.0918562301925676
-0.8512859405275803
0.2467504694630156
-0.697574159412627
-1.1496934949945004
-1.8188966890514315
-1.2320852193832303
-1.4055622958087133
-0.34950235688840214
-2.361194229805122
-1.012000829560181
-1.415057194538472
-1.22014848751457
0.3824529128823744
1.6052364898391716
1.6851115795898046
1.8833253323313848
1.356660208904474
1.1190467632241057
-0.24566269128886242
-0.9812137132676417
-0.38327488027791556
0.9276087595626112
1.297043913959075
1.1531482206570236
-0.9825462542998737
-0.4128318530002928
0.8523462927630736
1.277545052610492
1.498949287610909
1.3445348342355432
1.5235192736958085
1.621901273940213
1.370723632676742
1.911801444383375
1.5590579406067997
1.5027010413192619
1.517657593188611
1.0627131674186332
-0.5968641560857169
0.3214974992339168
1.2257853547218032
1.9138505149250236
1.1539622686245083
-0.2640305152181801
-2.2854460390285327
-1.3749821796203037
-0.3929123881626486
-0.3149925903977593
0.6444266543797315
0.6505842205938519
0.5008346891697704
0.3223544165849068
0.19223592359666242
0.16060432552530024
0.06487106114622021
0.7362255886312887
1.0329246148555393
0.8152720000426048
0.4255635918715428
0.9319138687494961
1.4323002951259545
0.9782976991603718
0.5942956195097135
-0.5834951405552191
-0.4388728327574283
-1.4255112927089608
-1.9588383270754037
-2.330529217128319
-0.627061417079644
-1.5931820997257462
-0.187071266090459
0.5650842801618974
1.0124747368566136
1.096659272040832
0.8494087424626282
0.6323817895510291
0.3133761885504178
0.6037527937983804
1.1497378068497581
0.46023001916735184
-0.9401579532289868
-0.47625556513893086
0.37304877245747115
-0.4047170081571623
-1.9668465301372238
-0.647630857200904
-0.8812278315643245
-0.21595361698678817
0.7077443850838372
1.622079571212101
1.1098834422871056
0.8321064019652962
-0.4700662048931128
-0.47073832590976616
0.6431625425646046
0.19168111778414865
-1.7760412003555899
-0.2802433161957487
-0.07716073596702433
-0.41088639017292294
1.157838626499085
1.1591321030608928
-1.3150681235809938
-0.9417078133472279
-2.5608182757162288
-1.7281652489283796
-0.19005912500477518
-0.7640226753978596
-0.9404262609972984
-0.40646125984800996
-0.155212294240763
-0.0028923914907443837
-0.1372991353141786
0.04471415209925578
-0.7036005529021185
0.265783466271571
0.18981813394092173
0.4798402970814797
0.4642444929392888
0.2646550704544195
-0.4865799281672514
-0.1983513861788997
-0.48847540171897874
-1.4800658528116792
-0.48575939324641304
-0.5823743672573496
-0.7493075565604399
-0.07339473537425167
-0.873207432501784
-0.7224086235940361
-0.007592687829381273
0.9390469725463966
1.1038589890534904
1.2013518495762612
0.6834391837974669
1.0214908646539032
0.32025620043733083
-0.21938714528379855
-0.1828102696133742
-0.45050433333925577
-0.5499070545446494
-0.016922207211685247
0.42444534221656527
0.1741417537195833
-0.495814570977954
-0.385201230431222
-1.543114464044104
-2.66928625131915
-2.4309676801558595
-2.4607995959839877
-2.11442573876156
