0.2880707018704958
0.21724362360947883
-0.15835240186622848
0.09706161508399425
0.24943434762713015
0.14900014692433147
-0.13434724928269307
0.08979094916015008
-0.09454164815969296
0.20121107564874588
-0.6722316667085182
-0.7079131572284308
-0.4140658786013385
0.06576151847142368
-0.2789195928652302
-0.018745911566884804
0.233668408569109
0.3678097727184715
0.25792503966942704
0.6227124228971143
0.6390087984747465
0.5445551636066032
0.7682336074578336
0.8064696008774223
0.8377580434596608
0.7286985516876907
0.8941154556028993
0.45392895228221014
0.3285924543623306
0.21732559278244415
0.1352866980506771
0.4982007106701702
0.48415527122483765
0.49454165101798525
0.4564371077246501
0.21184439817178602
0.5605778140038237
0.38693199492101776
0.36536125929373126
0.48735175606547126
0.5992703010359628
0.8423027423785627
0.6199011133338955
0.3339155995669291
0.3166961200831941
-0.0038743450433480625
0.4314953578941981
0.547395879148764
0.49483425554190213
0.4143130390263606
0.17661873400580316
0.14576071694637627
-0.16304534378760516
0.2701623632333644
0.06832389050232833
0.26605444705426046
0.26142209820343526
0.04049179488068119
0.6566005069021187
0.581711571630087
0.588267072279951
-0.06035271357975893
-0.10523866070708938
-0.0756566725165559
0.17235000885862226
-0.22486461517966413
-0.1113348625791427
-0.3851244184965239
-0.5793726264108139
-0.45218688562879855
-0.12119606194364507
-0.5182995019612311
-0.12486961267104592
-0.10135761368503361
0.40587968846289213
-0.309442619043879
0.1043132754566975
0.4458274678054934
0.7100167905556991
0.5104741217851213
0.5728995692883242
0.762381952978601
0.8019291403896922
0.43504852389550686
0.8206998733576881
0.9210931023743836
1.0253794165153158
1.0095640469603162
0.9956565389433106
1.075750453612507
1.0891137700437121
0.9564590246203578
0.7512951389978327
0.8214054064465176
0.16970242510065245
0.28922006393219474
0.49751879816179184
0.630378836965314
0.6358256833891974
0.56162754437876
0.7206689725014469
0.7233111092074448
0.8257484030979964
0.5456434188207243
0.7107253985358816
0.9110052040372456
1.1442560493420075
1.0263068660622123
1.0821574932873164
0.8865026952873728
0.8955367248909317
0.7806404327286263
0.9631939964790197
-0.14087009084442462
-0.41590074289926365
-0.3661404754610354
-0.43870021694448563
-0.41278239635764596
-0.17947536079286908
0.12896254534774065
0.29011399104670993
-0.15046971199375725
-0.3104455457296278
0.21054139253653037
0.12261934470572285
0.15740448268106821
0.4525145249885801
0.5948625682162344
0.7988925643360226
0.5078605732107858
0.990304077786404
1.3234856559577384
1.2766161744157156
1.2548303675515216
1.2319539886559623
1.4119270311430523
0.9384063802999392
0.8606494284110303
1.2861135889343518
0.7972695074865356
0.9532473161456849
-1.0924787787173014
-1.400587679957028
0.3034208801466679
0.7360687198452994
-1.3964269823017592
0.5471267982269009
0.2284658812450633
0.6243232442898964
-2.2468183050763284
-2.481505812236501
-1.4963824853868803
-1.1003654613957443
-1.9090356988701827
-1.6900604980517935
-2.382298879955403
-1.9938971505503817
-1.764227484290605
-1.6367256839458442
-2.1219594406840097
-2.832274098093087
-1.8360261500022492
-0.6319250667596726
0.01049400006408572
-0.20148156316252078
0.15445569913373483
0.6582391104393392
0.5402783663840985
0.8680452237603967
0.9767756675531727
1.0698345966824252
0.9784384801044235
0.5020954261082432
1.323482295824497
1.2386475969992448
0.9841205088113766
1.0556430048488494
1.324849441007
0.742933918050363
1.101181508050055
0.723431009845864
1.2452154659148882
1.2285688484282355
0.06220116135274797
0.7800748222215811
0.8214940955096881
0.9512740455048093
0.1355223619625457
0.6516564468433991
0.4610709558611577
0.6935287222452357
0.9521348259911256
0.8038053508274913
0.4731249931190056
0.6254785327830491
0.16141074497925015
0.029878423013653312
0.18578995853591393
-0.9786903004096673
-0.01764121607124808
-0.4042856788159064
-0.005710438259785201
0.18238322754862413
-0.40348741130143434
-0.6295423124102052
0.021487691774324403
-0.336627316726486
-0.1839822119994422
-0.5554241282947975
-1.0353743432782712
-2.40637146559137
-1.243243278454132
-0.30579897165829345
0.12882860616830016
-0.1693846147581173
0.28937563458955257
0.33142599111207866
0.30116204599335245
0.3884709882501685
0.5002165603994088
0.7352503369821419
0.91510250695216
-0.3021281588705859
-2.0395071337970765
-0.7335916622258721
0.5028717325346769
0.15950314116702904
0.9262094512850779
0.4637406429187176
0.006527174259853159
-0.09145538065757834
-1.0740062499354843
-1.9811402936627667
-1.6795885214467539
-1.0128924263878154
-0.7181893072105664
-0.5892240227638804
-0.06899464327649141
-0.059625662746796294
-0.014730271902313165
0.35102707314464987
0.4319415327552412
-0.6407367633157671
-1.8668285368937372
-1.8685433872820347
-1.2465173843157806
-0.9195572248515435
-0.39069544096197517
-0.7459417988145037
-0.19761390945015797
0.5016643027371749
0.7265768869057224
0.016866380058457277
0.328493144940381
-0.9818515577739332
-0.1959029046097076
0.21792603381096995
0.47765671296923556
-0.5017184448341542
0.047696350417942866
0.18213054602545672
0.38066949534707506
0.9631960169624492
0.3744283127496994
0.04432569342599204
1.0661653801086572
1.2282443058912245
0.5086498064853967
0.4799400898659402
-0.17361240705866568
0.4672797592931735
-0.3432871930160694
0.05185670594835034
-0.00035400687047121987
-0.2592278792507038
-0.5835301911705453
-0.00745769636132305
-0.6561703355360157
-0.7627118306183052
-0.9609643038144186
-0.4241930833317227
-0.8623342461146629
-0.74010686590247
-0.9050082804395324
-0.674982018846006
-0.951950063432291
-0.4780913985382802
-0.07171534773973332
0.0868956154067025
-1.3638271201081402
-0.4079810946079154
-0.676174545107168
0.2698999375291375
0.6291159693284493
-0.013095239827148336
0.30481291666376814
0.26275267135324837
0.7209078146159494
0.7831239101930948
0.8167145099222833
0.3464372307105916
0.6873970296745999
-0.026494149430872593
-0.7141751363586776
-1.5180374666998093
-2.219881853875575
-1.1847157508424848
-2.2667026066958447
-0.3294812150029835
-2.379892929510594
-1.6174393826379871
-0.5542017177453805
-0.6034621677612204
-0.18553498288915007
0.2832712105079826
0.24341632793168166
0.49629769584204353
0.6067067527415686
0.4664854231528741
0.3404382313182585
0.07725157852059805
0.32898562924728636
0.6222081390196164
0.8005949697192953
1.3230677381401643
0.14877617420574085
-2.162154618616833
-0.5011201893606737
0.02114364715651001
-2.3326125110260887
-0.33004788600602025
0.17131528474560523
0.2567492113806808
0.18155772699277103
-0.28971285386096424
-0.3683654053355246
0.040569701354352054
0.4262314804424954
0.4928131128163678
0.3118893626602039
0.2677991473552553
0.11816661911560884
0.7283776010117583
0.9252135498126105
0.5121386646796088
0.8623230581355187
0.9716698970129282
0.56865034510224
0.5609691490919898
0.40561436670944695
0.30306263896878644
0.2155195042905906
0.3747405716520795
0.6496638558900426
-0.5724572049740067
-0.5497952026788105
0.14879265796349703
-0.6335047709720487
-0.2676387885643996
1.078335677265953
0.9537287223167619
-0.42931309741088874
0.19463914643115524
0.5670251140796277
0.3471956951943838
0.8967481397928058
0.7677151999195888
0.41175230289339604
-0.028906278355230325
0.8776755225296379
2.0767290912777407
0.4481764923310745
0.6925651123567781
0.8222063362152922
0.822202143588247
0.9678688719980041
0.7368668851703162
1.005204984254341
0.8609759803595504
0.24736968359598663
-0.2697706065373339
0.29773369867445637
0.6384820381794732
0.7514025573809192
0.7584376869228628
0.19478697800272068
0.6858361969516141
1.088369700193141
0.6631069323017252
0.7963898227016637
0.8376828195541068
0.3463181080361278
0.6356610101440554
0.5415463243607537
0.7168242947348319
-0.35683215690181536
0.19483721607334906
0.6978529679908289
0.7527715509010727
0.465507385194099
0.030171881796923306
-0.7083847922780945
-0.2216374373754515
0.26105575704561995
0.6938439875961148
-0.26317620522810803
0.060492829281622036
-0.0021044552903485467
-0.38132295449755443
-1.606841704277165
-1.4900044274142488
-0.4728602204727652
-0.08219295037775999
0.4050456931915356
0.04940597205595567
-0.6117426358603223
-0.4203450345517494
-0.041818786005016186
-0.1533196991025426
-1.7432097078302817
-0.5034962706105389
0.10212356356607284
0.011099404247934958
-1.344689740847149
-1.2910873706041397
-1.382454876844885
-1.075498845714206
-0.6953992553184226
-0.9195643616726911
-1.6505900030674863
-1.9979902812682566
-2.2445284551156557
-1.758465332901804
-0.8217624124681815
-0.4628381580731677
-0.08485286992252333
-0.3669188062324888
-0.39918009945605465
-1.1071327475561346
-0.6307284738693446
-0.09692689777208585
-0.8258313026698106
-0.6632464567495643
-0.4380424646100563
0.027992885469413992
0.532418191117901
0.14774028107820064
-0.6288105450845201
-0.25411436960953393
0.21666926837276157
0.6136019651950058
0.6180166259454118
0.7285616070399055
0.6372956536111815
0.787706382008789
0.7205028149393907
0.32339411955706926
0.6792901617177544
0.4286817764047412
0.29192013171250325
-1.10523405193552
-1.9330623753494185
-1.3348073303083157
-1.3830992312399581
-1.653893321264114
-0.9935591700874554
-0.21691231696482652
-0.8978926196592733
-0.6632165256132286
-0.6881820777915019
-0.5879479150137499
-2.1818768027271473
-1.3648226942174935
-0.6879536702593817
-0.12911158304418968
-0.3760273980825503
-1.457949395344951
-1.349517827224865
-1.1178662529273198
-1.9327018121883925
-1.9500802649637474
-1.3522885954301425
-2.0547884168002075
-2.3803280769515553
-1.3176177189856833
0.15482577504127096
0.3033675854497206
-0.019394183907244813
-0.19043800866718155
0.3092614053962916
-0.14939164685781492
-0.07826323900001887
0.5774459779068123
0.513926228452723
0.48511367508598274
0.6987381552695676
0.4399940578396937
0.7321442527434296
0.5613450642760471
0.5299765090049
0.5707799628106157
-0.0010657129140906514
-1.8967056740513095
-0.9098500082370805
-0.5395254051630191
-0.21468695570048593
-0.05450220024534331
-1.3592206359100683
-0.9395261076770697
0.2467786699457654
-0.28622043415455006
0.46927691818330636
0.7196360409866722
-0.4722597096214421
0.6286589529612884
0.6299066945284969
0.918236745916956
1.095304900854419
1.0162452338337833
0.9073264595852325
0.7456051173227655
0.780174076118609
0.4292905514879739
-0.35482196203571226
-1.7895740979265948
-1.0296898639871541
0.2075737492585955
0.691046755574631
-1.6691535767138224
-0.8602653151405929
-0.5032780413392548
0.0861797273865727
0.39116945256974517
0.2992731118827347
-1.6900783490772928
-2.2874883614689416
-0.5589897922127557
-1.7189885659158637
-1.044894771975495
-1.7973582425564274
-2.5675794847003863
-0.923902332266214
-0.5204180884727302
-0.9443989828345042
-0.12836287027136145
0.47048679090508116
0.4215182063045102
-0.002277569576197902
0.4766585358469395
0.5429249795638365
-1.314881273620589
-0.38828685992564455
-0.07489361199713568
-0.32354158333134314
-0.7234572281593813
-1.936937853918563
-2.514508937890342
-1.8368683687823688
-1.163521883308163
-0.8573504352499935
-0.37775986750065976
-0.5543061785871725
-2.095206662079061
-1.451366084864891
-0.3410549079564659
-0.08870624132994626
0.1739572409816518
0.46874942511989487
-0.12474910544121902
-0.9150038264801185
-0.9310850430889577
0.32106701760600265
0.6284992343945689
0.27222504873961134
0.5196610110911176
-0.04216068335446999
0.24334045540143612
0.06586927446067024
0.07475260013656639
-0.09693912265318426
-0.4463493366976228
-1.5649667408001318
-1.869535721009208
-2.3772193196595444
-2.1735789175428013
-1.2493925656428395
-0.8748414949138196
-1.7580514683582258
-1.9949416646035625
-1.0899857813009646
-1.7662516713273737
-2.1576515139547694
-1.7397238282376701
-2.015884107131897
-1.7970412309002317
-0.19633103997677945
-0.7910846268436913
-0.5534985783178542
-0.359481448415083
-0.9888493261725313
0.30447635186347205
0.03467447855591733
0.46064121053838863
0.9376695391099289
0.9787023009197728
0.2510940331058636
-0.24203357748396034
-1.0671680956900644
-0.39258612246728514
0.028456345264773007
0.32138720385848346
0.1590268569793296
-0.37524643556004983
-1.1570751936866823
-2.0863003386460997
-0.9632550709220578
-1.0640661471336559
-1.0886842772425387
-0.8919647551466426
-1.623342564507343
-2.426236084884527
-2.830168872481469
-1.5758738988531622
-1.0486929910067704
-0.8518418850221293
-1.927379424089702
-1.3850539347171267
-2.116815395146593
-1.7917029791600374
-1.998754005493477
-1.1546416153352688
-1.2114856388542918
-1.5721750993952497
-1.590315536779879
-1.9182245838251724
-0.8043341898460801
-0.06089170761371467
0.38773024970647163
0.34958179764566893
0.27421844817401153
0.22617122937131537
0.35810771188238116
0.10281235053208038
0.2527558907152787
-0.7652479042215391
-2.569409841636214
-1.5598454911922126
-0.6639266301571459
-1.0684762142972353
-0.9043166693485277
-0.9052074182562001
-0.3191595414367251
-1.0488119798149522
-1.0383424014597304
-1.198835104642024
-1.9667305185885848
-2.570036725482472
-2.467091103078611
-1.917437250134513
-0.8433595620736654
-0.5284449127776791
0.05022901083610106
-0.11320734371129619
0.0455185050160855
0.2303004283498864
-0.5141189771728041
-0.08643331552870964
-0.15959001737263726
0.4337030267771295
0.04248632833530164
0.5637771220441973
-0.16903017875906512
0.39848548999900696
0.4819742473966135
-0.1615510590957093
0.23961018811525106
0.3061245611759919
0.42832675264568976
-0.6134642531050516
-0.21841886796096888
0.21880473584506155
0.35087514246551077
0.4843889999130006
0.45371589954678476
0.11904414787616534
-0.33447115324078824
-0.6470898964284441
-0.48521023839567395
-0.29703474993217577
-0.2379177439355983
0.33770083128670136
0.44338852431439707
-0.2130837458672942
-0.449330356316237
-1.9091737920605418
-0.11517451917041417
-0.4005804766414221
0.27489901448816056
0.14819560128201584
0.027240826634913298
-0.7831874317501234
-0.8776924656189647
-0.9125024183866751
-0.30899844885486366
-0.4174678903950497
-0.19952384476122706
0.15414632520022872
0.3672911227651121
0.35799544714184467
0.23275271756593277
0.33265793182008624
0.14427806355564124
0.1232575053810923
-0.09568790688308587
0.1973651922049869
0.15991122765053603
0.2728122907028461
0.08423028186350091
-0.36783102244786753
0.15131441160472606
0.34957829772384424
0.16847808650055016
0.08613225691971586
-0.0961947969899783
0.3366672043258781
-0.25250894570830795
-0.03328253697337511
0.2635918436438095
0.09094881780296278
-0.845934490884829
-0.4019463983572206
-0.3973526121288599
-0.09060952453132771
-0.07211151095130103
0.005747204388424833
-0.07931358317669676
-0.045201617120934595
-0.2526712348356998
-0.49172690834242044
-0.6715253754680375
-0.508698145392556
-1.218069248901455
-0.2494889437683491
0.4864250349729459
0.5185153146410824
-0.2942539631974295
-0.6868261470794876
-1.240059987200772
-0.5864112929475018
-0.3045103592438107
-0.06559210405449796
-0.1995012930411921
0.1130898021519607
-0.46575420915977267
-2.041750889846749
-1.7598708754553556
-0.6794922546484727
0.11064339582095288
0.004137693433302332
0.40649464614350034
0.06600771101647353
-0.21568457328397195
-0.2710227809559757
-0.037651579825506466
0.12053583911146193
0.08922258642754242
-0.6287252603352674
-1.247100228343019
-0.3632166635414102
-0.47602496744064465
0.02158441794740437
-0.05508973725987396
-0.440728653317992
-0.23484151631355377
-0.25536295368418754
-1.9647185493531554
-2.2349957066742645
-1.5309020001022626
-0.18145072874541326
0.009974406109461006
-0.2997165411607695
0.31828868278016004
0.4473700060574462
0.4470923692738357
0.1604569445291985
-0.42780516552360676
-0.5987227456439269
-0.33343281641143196
-0.8518940130939902
-2.153997082120411
-1.4046590580498401
-1.1338681535239092
-1.072076812452652
-1.6486138761178168
-2.2502424345767373
-1.739865155975896
-2.0223800379050116
-2.413058791958912
-1.2954406765506004
-0.4290947642106382
0.1739909324683138
0.1776451705948198
0.3783610229061396
0.29159478706406833
0.15364816754767405
-0.7794875530353652
-0.733602202622582
-0.1402011098414318
-0.09410735435137178
-0.5250956749754271
-1.7018586675918879
-1.105169482344788
-0.12130263413830518
0.19019173889629
0.6192762499075366
0.5203869971998917
0.3338458435491723
0.5457780249260328
0.7758832936037462
1.0031809609272166
0.771635672442657
0.43864133269578814
0.6763737409037226
0.7458131323548974
0.8049246999126828
0.035184686537701085
0.36616260845387605
0.45048920680905163
0.480048395518319
0.4140977100157796
0.31613245967650766
0.23307373966369382
0.4960230910827556
0.4441589650273614
0.24064899224356495
0.6006202280463657
-0.07721105050520634
0.26317233007676644
0.20034624783586621
-0.0412084989300096
0.3663357135765058
0.628033234252578
0.6036359224567043
0.054311350424226745
-0.40489227110144843
-0.12950180716132567
-0.720582863741694
-1.950721268665804
-2.3474344475266204
-1.1899832291980623
-1.391961304739553
-2.3253544769918557
-2.5582029380655675
-1.0677275070780679
-0.13246036540350722
-0.33567986119808196
0.08688967967940882
0.2679913583140916
0.18629354771332238
0.19247278410043167
-0.9055621212685968
-0.8435022903999415
-0.230864086746833
-0.16244460106561928
-0.24799196220412842
-0.24430974539439212
-0.7505257253684544
-0.15717299547840674
-0.042327935278330155
-0.7553842397023551
-1.969207858061508
-0.9409982396967296
0.42856974054716823
0.12455125997061955
0.17477487424846513
0.5074772787661973
0.7789046818719289
0.14532171719836376
-1.3459522782170674
-0.5801197275824784
-0.08662681970775632
-1.3042837241561573
-0.3749271661064597
0.10466369833216753
-0.12917747498279988
0.30797259539270966
0.21506625065907048
0.17947737563149416
0.35272027151380353
0.34766192037146926
0.23496359113830464
-0.05644152568072483
0.3978285093704262
-0.01190832273519784
0.07156561036241037
-0.21201776001283168
0.19062695005280897
0.16165094133727712
-1.3687225796104938
-2.3086430597608483
-2.302545133829737
-1.0375335585807717
-1.4763427060898886
-0.19437236591442217
-0.26511512152156874
0.29017576504470066
0.07852214307081895
0.21537296016175864
-0.0858032576967518
0.03562412996225856
0.009109839935431787
0.1071387548034467
-0.887627615380373
-0.5021206016982205
-0.48754320654464195
-1.2186430550619365
-2.3761608077751943
-1.0847409160624228
-0.3612326996419945
-0.889053611348099
-0.6250606397129652
-1.8592512956694398
-2.2226809000353502
-1.4059196804009997
-0.32508767462467847
-0.3956606881285342
-0.07855479622721079
-0.4157716708663713
-0.4234849235953655
-0.30895738118801225
-0.06656922500516214
0.07971778264266643
0.18471998817470547
-1.1891248510096133
-0.5290805976365952
0.12482340421001832
0.06936180005714701
0.25497243427529254
-0.3369475764513257
-0.5308028877897905
-0.5948989565121738
-0.9301272668972348
-0.5608416250857993
-0.4194391061309188
-0.42416477816565484
-0.5795809163999395
-0.1421095571239255
-0.19513845946331485
0.36113436735510046
0.7488751198450302
0.7288865268281876
0.8218793173339268
0.6231058587905299
0.8432032528313999
0.5596536140215739
0.04333618507056256
-0.04983656929109554
-0.04811391273234314
-0.6535455357243237
0.06959042025690933
-0.03351407211700721
0.11627337003180337
0.49507194400043025
0.417899300324639
-1.3271046399171262
-1.800475280596172
0.015845725116299732
-1.1258549145458092
-1.320983864983113
-0.6180226650200819
-0.9890839157571075
-0.8074283877915461
-0.31385234320103944
-0.25500849659553376
-0.37133847908568535
-0.7760746514417803
-1.059566956392051
-0.5961692981138837
-1.6867902221045927
-2.4012824210373753
-1.7174593478546718
-0.32937893464825413
0.20971970510423066
0.03750215318617065
0.1964760451544164
0.31447092388438785
0.4848251255596466
0.3933745781722497
-0.1694681951997821
-1.3564936852555272
-0.11864893798349695
0.24929481914150395
0.1760429532395628
0.011898048635938574
-0.8873114974224477
-0.3767070729641879
-0.32440494179501883
0.18177842971211677
0.36117505483218876
0.14329082782924438
0.42597478021150165
0.29147674855518174
0.3439738492064129
-0.17357634567916402
-0.6069539513931358
-0.3756647730452347
-0.5856557453723367
-0.0599219324415651
0.005461555147807495
0.5021223239490361
0.024395503928177575
0.465923553902213
0.7862211160405077
1.0443169106710337
0.7432064443343807
0.9156083506669782
1.1599613981803016
-0.3432888310535221
0.5984734204125165
0.5326678018202288
0.6368615959150312
0.30354357779034336
0.08712504384922064
0.4066608477767775
0.06366772637533738
-0.15912515827927606
-0.4308735145918768
-0.14161534113849364
-2.37417499537964
-1.631491276517008
-0.3778211386659398
-0.2678280255937982
0.18969811854035082
0.29825084527661316
0.544258892151059
-0.7720559438003555
-2.2349157831513016
-0.9506541805511203
-1.5777171341654601
-1.6189087593405862
-0.5529846545902353
0.285906671869993
0.5176506775911319
0.47529578019419444
0.31946547980150075
-0.40384264255157465
0.04427054365848517
0.43127479590030576
0.2668751892321482
0.2905755400922459
0.5905510008170571
0.7751159258042725
0.40708662980420135
-0.21874614510635385
0.11285891462017211
-0.8686781978463217
0.11377107422854064
0.3739466079730309
-0.03745868422012761
-0.6299787688576213
0.37987439351216
0.5318555237731775
0.3206528279404018
-0.5635096861170029
-1.0096905195374903
0.5988982899960341
0.8931775804401948
-0.1267736337751654
-0.5841718973171393
0.2929302529021214
0.5875293106785224
0.6508902043705731
0.5693916872560382
-0.5068736429539343
-0.31604764279704567
-0.16618607955878764
-0.15788000063920246
-1.7544847912167798
-0.2988141475537537
-0.31872778728845796
0.3385747760071994
0.051504376985536025
-0.582130648704677
-1.124492506051677
-0.3731453038178725
0.5225744599895422
0.5396578154781567
0.5469190541434386
0.8619363543516648
1.3301004857411634
-0.1777569696671406
0.32506949195360685
-0.3185026481818523
0.2974319310944746
-0.3299584916124063
0.949478622145035
0.7345423431200307
-0.5073651660543614
0.2074977052211556
0.23358408867240746
0.1440398224347905
0.34803873427780757
-0.2841539426934449
0.9481960751385935
1.3094498713941116
0.027625468359013416
-0.6173701855636295
-0.8607856516715299
-0.9836422187176495
-0.7912995788151566
-0.6511657950346835
-0.12001701837306883
0.04398834283221457
0.2634138565979277
0.19691104407442317
0.09468195413173523
-0.5412359095149404
0.352705927254707
0.19097259950299772
-0.17004706061769437
0.337424727983296
-0.02656262994874631
0.6010263133229645
0.0764356476672203
0.5836323492212149
-0.48432072678775917
-0.6390402849216203
0.056327778199803634
0.07302429884097328
0.12087194587780738
-0.35389528012733057
-0.5633330231517654
-0.20447674854534303
0.21008251872638148
0.40706931862764906
0.7505017075106991
0.5815594807480423
0.24547124668200979
0.7194819739426116
0.7535626847435312
1.1356356600824935
0.826399417529544
0.7535598815948621
-0.8935180074855255
-0.08326825473146843
-0.6095086239651671
-0.13407773171698334
0.3253361105237224
0.555573669409544
-0.22180860947115932
-0.7855612711465348
-1.5611711228773621
-0.7754525712730441
0.022026280313882905
-0.1700657831058288
0.09775940580907443
0.2353012221075226
-0.28980219301743665
-0.3829267671597052
-0.1460816715597358
0.14497158815582142
-0.03885156380359308
0.4334334033874318
0.27116159046448896
1.1196483356681128
1.121694187640495
1.1128554218462383
1.063042314113725
-0.17347326427827192
-0.34719744993010687
-0.2753725162324166
-0.03914695048583918
-0.33052770026858647
0.3150283261403003
0.6721612062796513
0.9847036433715939
1.1487155264656694
1.1388487205310505
1.188201641199692
0.5304110375435102
0.879761609283552
0.844099867650971
0.7234668993857635
0.5046998890050445
0.5701238406339214
0.2572057603215482
0.3581150230175914
0.4973275198800213
-0.44156043661694633
-0.31975402319894697
0.15840096148823488
-0.43955220732273065
-0.4924377662057357
-0.5540660409050883
-0.2807507849819398
-0.8716889207619128
-0.3150527501469559
-0.12112509731724336
0.21068754108811613
0.04508831054092247
-0.3644752616314779
-0.1946426699744546
0.04338026041768831
-0.48242284309818784
-1.2819926945130622
-1.6151706951448601
-1.1294444244463682
-0.7691614738092202
-0.3650470246617173
-0.39834386434323404
-0.41540001048676817
-0.49069928707171834
-0.5991351282502828
-0.42286844241657934
-0.1546578885115716
-0.040197511823673183
0.32411617500278767
-0.14494448340140217
-0.05701997065606813
-0.1476716591867708
-0.4514556703780566
-0.24079655968866406
-0.6170378394480974
0.31749922485876236
0.46001529348742554
0.41685334068266783
0.5688142131377794
0.5110265830833783
0.17421501607818388
0.47918926657456523
0.3741599799384152
0.5858448159959625
0.7477825096350678
0.4759142005288483
0.44292873132991933
0.49093810288933454
0.2495597351327755
-0.33585891480849334
-0.4446776911505341
-0.045931235796396824
-0.4296308919446193
-0.1824021988869322
-0.10079087748339621
-1.4652910756899302
-1.49824147763724
-1.941328520902685
-2.0586207162140107
-1.9842716344830993
-2.2979259414232986
-1.7536895638102556
-0.6749424788520172
0.10495857500554696
0.18887185156877662
0.33704667728777676
0.2707153938355598
0.2804160509006994
0.5278693572749555
0.6656918451059203
0.4647909304699596
0.2305975159513796
0.23144961852331178
0.036392655554893634
0.3185463106244225
-0.22431494687112816
-0.17312726282421
0.3234157491259006
0.20701194123244826
0.10017601711809383
-0.6360993652009965
-0.30166510784777956
-0.07417571353822384
0.45935616447353755
0.4152551781087704
0.5187044700969129
0.507392224383736
0.40564855576414494
0.3476273226495723
0.502922686255136
0.45574335649368364
0.04875534372327236
-0.2164807090377937
0.12987462823374937
-0.4697430712115949
-0.24061150308733217
-0.5496791922699926
-0.25740120752794415
-0.6966998820991046
-0.4466896936720947
-0.5719153643156514
-0.8387520932058526
-0.59355986595555
-1.4111052702575364
-1.8739298279871217
-1.4999936102705849
-1.8835254395633918
-1.6252724398373586
-1.5041412982194569
-2.4220374502434647
-2.426774355932356
-2.4086804255699334
-2.812097830356579
-1.8546477987830317
-0.9237713631087884
-0.060647421041067594
-1.5940773861919106
-0.7006511438873959
-1.6067084569528232
-1.8110223103558962
-0.9000564338466455
-2.0519277473693087
-1.5025674298943796
-0.9061702784780246
-0.04163441776266426
-0.3781767336266429
-0.9058494373195738
-0.7179688447843985
-1.4079362099520862
-1.3405837492742652
-1.2387037143859345
-0.7945208683907455
-0.8728434634125067
-0.5025063817538423
-0.24430454439479365
-0.2885471763715866
-0.39009832789553595
0.03262883812211088
0.2911729378165669
0.4380150085474633
-0.043146811153114105
-0.10109893462122589
-0.2878746875078766
-0.38809130651877305
-0.0992189010609754
-0.2571876222239717
-1.7267534920574583
-1.9934853117440132
-1.1282363026520341
-0.5435013090583961
-0.5698821005992839
-0.5309954824492708
0.09305489608913083
0.09413626333448692
0.07273082649308912
0.36493740526334245
0.20872351274205828
-0.8195177151321027
-1.726028887121939
-0.5855245472249235
-0.09765983580713432
-1.0079721469828897
-1.0933201272810786
-1.354993238643088
-2.0330173515027385
-2.0553364775665606
-1.3796660843691948
-1.3273610198519932
-1.1501347599371923
-0.9571366818549526
-0.65064459484276
-0.4263006331637163
0.00870725980626128
-0.6172030635293813
-0.7406068932612132
-1.3074901745622827
-0.9682063663344692
-1.1764080689865342
-0.28282332912944336
-0.3318858605160286
-0.6313882695994288
-0.18078444522187984
-1.3146684151977515
-0.47766097888780606
0.19395136077406294
-0.9479341127601305
-1.1171481320072993
-0.7715775427767516
-0.41153659756059396
-0.7315973587177503
-1.6239702463994634
-1.0485809562765718
-0.6738403096594849
-0.7781121236362357
-0.888263939559375
-0.5483268892977063
-1.6718572490500268
-2.1566452811991987
-2.56563530282658
-1.0312887095295384
-0.4368762928877803
-0.0035382701674255093
0.4852932306816231
-0.05476508147063083
-1.3055855030719006
-2.260920116487552
-2.466641808760501
-2.8506195922656463
-1.7253301052681014
-1.610345422868117
-1.424744137889192
-1.4644638854867784
-1.1546155014253772
-1.7744475508625672
-1.2380143402840875
-1.7669944390348995
-1.5391155303928359
-0.5388966464380515
-0.026423844836538275
-0.2243876460814591
-0.541157118286467
-0.04329301700261081
-0.9002104488095574
-0.5685079700212394
-0.32943602792443927
-0.7522988195053931
-1.2600541245426258
-1.5408480364440156
-2.4546416730042986
-2.354525468458259
-2.3544702198161906
-2.2044612176192877
-1.8164369210085578
-1.1912152782424588
-0.9325961098616645
-0.7581324150245701
-0.9987707184570427
-0.725891378781085
-0.3659179759392322
-0.08382400125164736
-1.2251615735046417
-1.3437780661608185
-1.6965662292198855
-2.109223048781019
-1.147238148782354
-1.2398640053309193
-1.8956026619260158
-1.566460124408505
-2.0432229338152936
-2.207382230125284
-2.2049541359486002
-1.6646238291497113
-1.369107201736721
-1.650792547662035
-2.1936662391355113
-1.8897767913679526
-1.1872614916119153
-0.8351395464205833
-0.8255471931020438
-0.9766605533653389
-1.8812004892685872
-0.6619653133565109
-0.3867082803426319
-0.24438609425689514
0.04081069377225464
-0.3596593896588353
0.1822243609600316
0.5591846415418962
-0.2887016132894538
0.3388880366763318
0.6041981675644369
0.5046511737649731
1.0334900742673343
1.3186875617533802
1.1759770134641445
0.7301957021149142
0.7303892597568015
-0.5844169772457376
0.053215325630455224
-0.6226015358397817
0.24532713148365715
-0.4315952263236502
-0.1390358059618968
0.16330360903246152
0.7815179274632525
0.498141904241848
-0.06447117737761182
-0.22033069671623265
-0.9500669736723185
-0.46703139029218055
0.3217139452623195
-0.22058081590592407
0.14516091832878927
-0.3399934253612627
0.08525833509440105
0.5613482518665724
0.5707260287040551
0.40878128856190926
0.5690643830269752
0.34889857104676175
0.6261115552851063
0.24371200263930803
0.6350422028992246
0.7007956286427045
0.38789355699190226
-1.0534352779910676
-1.4650039155572279
-1.963785603907804
-0.8995291938075712
-1.0429700117305998
-0.8159078878056497
0.138600953456414
0.1932607225614058
0.10779760683550943
0.4381985865967852
0.2770219830366949
0.9788939599408216
0.7652799869713146
0.30532167535023214
0.8932628760240547
0.4034820604134162
0.44121422419142564
0.6407340887218193
0.8393313175116989
0.5546730182873355
0.16542197815005685
0.45233572142298994
-0.6219505170470662
-0.16116166640167015
0.26534958067854864
0.3787520546407886
0.1509440215916991
0.0471329450623778
-0.039715700255887026
0.016745934018156206
0.006337333948461125
0.2922435218200667
0.012935755766578821
0.6427373808367695
0.7136060701571156
-0.5765951007759779
0.12855346353517103
-1.3825731992862658
-0.6535993166625109
0.02416471246036304
0.4007363378347884
0.5077223713473499
0.7834884768304939
0.5117167957679871
-0.15819869402073325
0.08314712960946415
0.8531810317989703
0.8605693353606948
0.39629909025744836
-0.5723205984478555
-1.0393594664162242
-2.0268989023426975
-2.2517401833316746
-0.7939314914964846
0.4164870247570673
0.5748998390086575
-1.1044933996734796
-2.2908530071112088
-1.9607798496008844
-1.0462964693366303
-0.9391606584315985
-0.619926284639963
-0.5611930511534432
-0.5102532451383794
-0.35504313187079434
0.05039676122581371
0.08876466292308864
0.07705882570929616
0.20493191314767553
0.2782221925755348
0.662144835089335
0.12304420797345729
0.48509941014235886
0.868320903800235
0.7593879771473313
0.836747247195265
1.1035472424665198
1.1879728921954116
1.0432002430895821
-0.05057653709576395
-0.09205799820286109
0.12078142507473777
-1.4602495487525085
-1.952649644776498
-2.6845635185244703
-2.9415082164929527
-1.2907693180874598
-0.23566256770584368
0.5046898677734414
0.46901009533599947
0.7447070278693498
0.9274642981369681
0.8127533299230532
0.6793877640702447
0.7235927168588577
0.8076332940856683
0.8048708504449728
0.3317693092405715
-0.0817359475824076
-0.987049694110029
-1.4718722766859453
-1.8849818600929857
-1.820290035188302
-1.2353005766908514
-1.0282210400952658
-0.9164798257595628
-1.796872967299959
-1.1395912584181613
-0.35808405573853713
0.22879789348253846
0.8550533985438372
0.6897909018442182
0.21630471042677432
0.25738188834231107
-0.1657612593864969
-0.20844012001418669
-0.10924125326483536
0.42851729550546896
0.4341908890980511
0.4564329767172366
0.032210187733192674
-0.7003403135453811
0.543054900816064
0.7520573657394182
1.115511628093261
1.347836501829854
1.4680131574395368
1.3849596872857095
1.4349037480515288
1.3050533605098487
1.5349948612920992
1.4146236927671076
1.4742231071625114
1.432834790411728
1.6802985131276333
1.4334994906528102
1.5321690247744868
1.612860323044215
2.0288205496497054
2.1101111687374865
1.959306795990189
2.1769503047018746
2.1559427986696886
1.536931703369851
1.869562849269515
1.5516149831656192
1.2591541687378445
1.484831781712221
1.3575701194980982
1.5854231843774027
1.5976810451418644
2.022000627539535
2.1211432977560434
2.4316592239566504
2.235727230007994
1.3366272449058154
0.13472796138601878
-1.8643447407123197
-2.392417285605229
-1.9659903570501507
-2.3164585733176613
-0.05427526909612798
0.8840074291688005
0.7474438509127778
0.4019320849427311
0.772531884780156
0.8317006876068852
0.8649601361793632
0.8998501989163161
0.624439663153595
0.3947786599322513
0.3484958673083984
0.31015763024995374
0.5819609840121923
-0.16361451538608504
-0.41756655250617775
0.36593743163360776
0.7714619020485692
0.9675689247233593
0.5391583623864106
0.7698281002142497
0.7902496228781316
1.17508224574145
1.2106720528520438
1.5209249403424112
1.4067966725280954
0.7365265035668386
1.1158393577376433
1.7335412967597577
1.470017831644081
1.1773417040246568
0.9405488154333029
0.8830481933007364
1.2268669457885863
1.0792220518693318
1.2502030510277349
1.4576557865651685
1.2024471554485348
1.3339406002293936
1.4958923948038851
1.5982006796685722
0.9663156429336494
0.8062393145650995
1.280671804485902
-1.4796424494287386
-1.4780879684340738
-1.1278490768123708
-0.32313854344447274
-0.7669686747513094
0.22176524685510327
0.6384502769110608
0.223925224219617
1.1331513627272387
1.1897242446311664
1.5228331880222985
1.7513227483878098
1.814140026486336
1.4438763303433628
0.8155687261560334
0.8411132041263333
-0.5327965274224306
-1.5179304875584256
-2.4436864138903123
-2.108362331817741
-0.12265340804071516
-2.0238346245764745
-2.1175997203961345
-0.8843249760727744
-0.7088127239106456
-1.7136929829056495
-2.6901718552127023
-2.0128667885969405
-1.2321059419623819
-0.7490265038172356
-0.10363361642416913
-0.0015768003510942795
-0.3084244399649912
-0.6153651319577872
-0.7669498452657545
-0.12254125175654401
0.5089146237918175
0.7617025369441114
1.0614843774681122
0.9640299434802929
1.071080589468653
0.9164814670275773
0.9954637738961898
0.33602021320926134
0.6319235079959477
-0.3214441455980242
0.26248110330961
0.5032205078485993
0.1656839604775586
0.6570357783978198
0.9210115183926603
1.0666586227083596
0.4458348456944387
1.1548191031389612
0.7999551081006526
0.8996025730926701
0.21751208353866477
0.396227518570657
0.15588220536153236
0.1419639409079338
0.11303107834962596
-1.3272684730511661
-0.8372829280787863
-1.8292356400666119
-2.2456724359970512
-1.0867686575913063
-0.7245411997427006
-0.5991842046719398
-2.2710535463190955
-0.8252934976132371
-1.172378080122032
-2.2734527149352304
-0.5805021369215069
-0.2408944700493547
-0.40005447748447037
-0.34963043360953455
-1.0853135394927198
-0.8779211788192883
0.08497993215503384
-0.9546919460498763
-1.387080482113509
-2.0184672797029695
-1.4546391942446466
-1.628296113483601
-0.5403278114728514
-2.45493956799639
-0.9428240353856253
-1.733526044536201
-1.4824277148454563
0.15163745202594733
1.329144800312698
1.503026536577142
1.6018407367966574
1.2420751819589155
0.9368599972395236
-0.4025470952495282
-1.2121346084302254
-0.563295133368405
0.5679531868986202
1.0044201737087861
0.9899209452255668
-1.2568518861273585
-0.454604592716096
0.6470225205237944
0.8981270164622966
1.2697505670684837
1.1348867052161187
1.2094924426242788
1.4115120447138716
1.1252986641584932
1.4574753387842503
1.1751467838508207
1.1014181061933184
1.1062862600001508
1.004645445246062
-0.6381059354045282
-0.09207388919469639
0.7989485529273539
1.3764660259357866
0.6825977372296362
-0.46742384681682814
-2.5544523776102306
-1.188498806445725
-0.2846557356888267
-0.5333090072629466
0.6733899121493746
0.7752618019530609
0.4518422769344878
0.17773596119035928
-0.016448976627383125
0.04222120842031293
-0.32126067486611826
0.4937621837915173
0.9175710860503012
0.720991585527471
0.42912660017150817
0.7888534281820707
1.0368424418641566
0.8364665499866053
0.5129135345712393
-0.7155356952385749
-0.419707533496079
-1.410819283223546
-2.161825346593599
-2.4226625142608555
-0.7939896395391496
-1.94726739565169
-0.43808995708742554
0.4913985923028192
0.9392197889680993
0.8724565174063824
0.6035073912580063
0.5259022450024683
0.06550356243546251
0.5441236177120805
0.9090899630126154
0.3906606514752829
-1.2370359841666094
-0.46327867114006777
0.3071714913589623
-0.27894984293697594
-2.3246349179004
-0.6517531753061254
-1.2352650647927008
-0.27595660110066333
0.5794904334849428
1.3635240098239059
1.0396287526490169
0.7313863592213282
-1.0729612397285095
-0.4184103572515159
0.6363159873601679
0.07921176355595887
-2.039380072194021
-0.25665534035751164
-0.22433369515242382
-0.8805556720247609
0.7011590512673028
0.6803207521247447
-1.7452420303427365
-1.3558514628632938
-2.5432047254830863
-2.093104829484721
-0.48550297125500097
-0.7839031193729703
-0.7767079796488154
-0.45163654955291443
-0.42685862645606526
-0.19047185701838884
-0.25089469231134504
-0.03802061494506523
-0.5590719372141124
0.2515355596023068
0.15693474503565227
0.538106684531249
0.4975583039590019
0.2284249223279523
-0.4402050227479255
-0.017556705677616396
-0.4632041151013992
-1.452946568462708
-0.28064584434134077
-0.5022923447561926
-0.6277254246550253
-0.0642807856427967
-0.779034063815577
-0.5774075538531594
0.04370575052890283
0.9427038835311303
0.9869330545150762
1.0653170376341594
0.7670111927809974
0.908267544150872
0.3321392157205377
-0.07712783449518591
-0.07160961382211435
-0.4063345383138158
-0.4562245914964807
0.05442214382657897
0.31698002279714516
0.1856613609901663
-0.42244828992005745
-0.34149941036500286
-1.7700545194116992
-2.655149244151877
-2.5163651911123117
-2.568712075025353
-2.353688665286868
