0.16366999999999993
0.06352
-0.13834999999999997
0.0025799999999999964
0.36282999999999993
0.18330000000000002
-0.10850999999999997
0.18571
-0.07090999999999997
0.19416
-0.5202299999999999
-0.5870500000000001
-0.34693999999999997
0.27976
-0.33376
0.2452499999999999
0.4258200000000001
0.3230199999999999
0.28759999999999997
0.6865599999999997
0.6168100000000001
0.53924
0.6480000000000004
0.6671900000000002
0.7877999999999994
0.6493400000000003
0.8496700000000003
0.36200000000000004
0.36494999999999983
0.2884600000000001
0.1600099999999999
0.44615000000000005
0.34485000000000016
0.5339300000000001
0.47381000000000023
0.27874
0.5749000000000001
0.41348000000000007
0.46119000000000027
0.47752000000000033
0.46246000000000004
0.8462500000000002
0.7097200000000002
0.37683000000000005
0.31964000000000004
-0.04796000000000003
0.34667000000000003
0.4560699999999999
0.43762
0.32665999999999984
0.09246000000000003
0.03527000000000001
-0.23778000000000005
0.33682
-0.03699999999999999
0.31649
0.26416999999999996
0.10456999999999997
0.6503500000000001
0.7069200000000003
0.6191599999999998
0.02516999999999999
-0.09137999999999996
-0.06469999999999998
0.15579999999999997
-0.25205
-0.15638999999999992
-0.3501299999999999
-0.38176999999999983
-0.4289500000000001
-0.16210000000000002
-0.3077900000000001
-0.14457999999999996
-0.14995999999999998
0.5061600000000003
-0.2673999999999999
0.11288999999999999
0.6256199999999998
0.7069299999999997
0.4930100000000001
0.6172299999999997
0.8407899999999997
0.77519
0.3192199999999999
0.7453100000000004
0.8804100000000004
0.99944
0.9141500000000002
0.83584
1.00748
0.9333099999999999
0.78506
0.6655200000000001
0.7635999999999998
0.15544
0.25378999999999985
0.5182300000000001
0.5945900000000002
0.6536400000000004
0.7123200000000002
0.7130199999999997
0.7552600000000002
0.81845
0.7139600000000002
0.6221600000000002
0.71333
1.0040399999999996
0.9591599999999998
0.9859800000000003
0.7856700000000001
0.80913
0.79515
0.96604
-0.2714500000000001
-0.51144
-0.5876299999999999
-0.46382000000000007
-0.35771000000000014
-0.10542000000000001
0.10737999999999998
0.05576
-0.09983999999999998
-0.3806399999999999
0.08235
-0.01157
0.2298500000000001
0.38502
0.5799100000000001
0.7694500000000004
0.5771600000000003
0.8934000000000002
1.0094299999999998
1.0346699999999998
1.0359399999999996
1.0232399999999995
1.19588
0.9122399999999997
0.6948600000000001
1.1117599999999996
0.8279999999999995
0.8648
-1.0460499999999997
-1.3517800000000006
0.42444000000000004
0.8239600000000002
-1.4216600000000006
0.6545500000000001
0.21498
0.8465600000000003
-2.4159500000000005
-2.4780600000000006
-1.574880000000001
-0.9759300000000001
-1.6801199999999994
-1.6397399999999995
-2.5742700000000003
-1.7565300000000001
-1.4138899999999999
-1.580149999999999
-2.466899999999999
-2.757779999999999
-1.6157399999999993
-0.6675600000000003
0.006989999999999994
-0.16878999999999997
0.17075999999999997
0.6190600000000002
0.5925
0.8574800000000004
0.8777800000000003
1.1059899999999998
0.8667699999999998
0.35205
1.0539400000000003
1.1618600000000006
1.0464599999999997
0.90153
1.2237100000000003
0.53747
0.9901099999999998
0.7477400000000002
1.03398
1.0952600000000006
-0.05489999999999999
0.7572200000000002
0.7895800000000002
0.8179799999999999
0.14249
0.7516399999999994
0.6197599999999999
0.7009399999999997
0.93184
0.7012499999999997
0.5000300000000003
0.5551699999999999
0.28772000000000003
0.08316000000000003
0.23258999999999996
-0.8014000000000004
0.14437000000000005
-0.33643999999999985
0.17005999999999996
0.2986099999999999
-0.32321000000000005
-0.50024
-0.02661999999999999
-0.31490000000000007
-0.12966
-0.26155000000000006
-0.8476499999999999
-2.35633
-1.1117699999999997
-0.09975000000000002
0.11309
-0.19334999999999994
0.1965499999999999
0.39315999999999995
0.38510999999999995
0.39810999999999985
0.26232
0.7254100000000001
0.8645100000000003
-0.2341299999999999
-2.552680000000001
-0.55236
0.7033000000000004
0.38037000000000004
0.8159999999999998
0.43527
0.08442999999999998
-0.04632000000000001
-1.1803500000000002
-1.9306800000000002
-1.6674999999999998
-0.7669400000000002
-0.6789100000000003
-0.8692599999999996
-0.01077000000000001
0.03407999999999999
0.16968000000000008
0.3735900000000001
0.4644100000000003
-0.61517
-2.1141099999999997
-2.3360099999999995
-1.1448800000000001
-0.9541700000000002
-0.36487000000000025
-0.6949000000000001
-0.3539000000000001
0.4454000000000001
0.87236
0.21930999999999998
0.33169999999999994
-1.0325100000000003
0.12331999999999999
0.2039899999999999
0.5686800000000002
-0.3931700000000001
0.25288
0.2710100000000001
0.4266900000000001
0.9098400000000004
0.26081
-0.20330000000000006
1.1247400000000005
1.1394499999999999
0.5869899999999999
0.27304
-0.3126500000000001
0.6441000000000002
-0.11775999999999998
-0.023240000000000007
-0.09773
-0.12143000000000001
-0.43244000000000016
-0.11230999999999998
-0.4398199999999999
-0.6731599999999999
-1.0360500000000001
-0.4432600000000002
-0.91754
-0.8272999999999997
-0.99173
-0.7235599999999998
-0.9724600000000002
-0.5979299999999997
-0.18463000000000002
-0.008939999999999998
-1.0765
-0.5182800000000001
-0.45965000000000006
-0.22989000000000007
0.68171
0.10052
0.28557999999999983
0.09121999999999993
0.90413
0.9109800000000002
0.9075700000000001
0.41994
0.6796799999999998
0.16615000000000002
-0.9137499999999997
-1.473079999999999
-2.272490000000001
-1.1821800000000011
-2.66623
-0.5697400000000001
-2.7300800000000005
-1.6542500000000002
-0.44280999999999987
-0.6478099999999999
0.014580000000000011
0.17993000000000003
0.12871999999999997
0.4282100000000002
0.29545000000000005
0.5925899999999998
0.18882000000000002
-0.0964
0.27157000000000003
0.6943999999999998
0.7326200000000002
0.9577699999999997
0.36312
-2.3363800000000015
-0.5021299999999996
0.13358
-2.6751400000000003
-0.24861999999999995
0.30079
0.23312999999999995
0.050890000000000005
-0.05064000000000004
-0.33482999999999996
0.11452
0.3167399999999999
0.47179000000000015
0.21076999999999996
0.2906599999999999
0.19352000000000003
0.7135299999999998
0.7755700000000003
0.49977000000000005
0.7480100000000002
0.87359
0.39774999999999994
0.6233099999999999
0.3988399999999999
0.3784300000000001
-0.043660000000000025
0.32304
0.76059
-0.88273
-0.40903
0.07891999999999998
-0.48798
-0.29105000000000003
1.1317799999999996
1.2009500000000002
-0.4078200000000001
0.09269
0.6257100000000002
0.21116999999999997
0.9573500000000004
0.7155099999999994
0.4981600000000002
0.017619999999999986
0.8476499999999997
1.4909899999999998
0.20731
0.4895000000000003
0.8140400000000001
0.7673699999999998
0.9699999999999998
0.8340399999999998
1.1574800000000003
0.9180200000000004
0.16541000000000003
-0.28874
0.30681
0.69561
0.8687099999999996
0.8921700000000001
0.2671299999999999
0.7225600000000001
1.0655900000000005
0.8128600000000001
0.8440000000000003
0.8249200000000001
0.4284800000000001
0.59756
0.49017000000000005
0.8338500000000001
-0.27647999999999995
0.40382000000000007
0.7338
0.7871599999999997
0.5508000000000002
0.05399000000000001
-0.8222399999999997
-0.24451000000000003
0.3891200000000001
0.6621700000000001
-0.2307299999999999
0.08297
-0.14933999999999995
-0.2604699999999999
-1.7008199999999993
-1.4093000000000007
-0.51292
-0.01539
0.27387000000000006
-0.0005899999999999938
-0.48712999999999995
-0.31957
-0.20709999999999995
-0.2923199999999999
-1.70688
-0.43249000000000015
0.13174000000000002
0.07248000000000003
-1.4851000000000008
-1.2122700000000004
-1.456770000000001
-0.9086999999999997
-0.5832600000000001
-0.73406
-1.26308
-1.73097
-2.3454899999999994
-1.6512599999999984
-0.9541599999999998
-0.4931699999999998
-0.17221000000000003
-0.33661000000000013
-0.34325000000000006
-1.0301199999999995
-0.6514699999999998
0.05891
-0.8713000000000001
-0.7976800000000002
-0.38678000000000007
-0.08761
0.6138300000000002
0.33252999999999994
-0.70769
-0.12387999999999995
0.43753
0.8258399999999999
0.8676299999999998
1.0219600000000002
0.7729799999999998
0.8100899999999998
0.8124600000000001
0.48817000000000016
0.6304999999999997
0.3518500000000001
0.35957
-1.2579799999999997
-1.6021200000000013
-1.55816
-1.5257000000000007
-1.7642600000000002
-0.9885499999999999
-0.2920599999999999
-0.8419999999999999
-0.6902100000000001
-0.6265500000000002
-0.5653400000000001
-2.311480000000001
-1.3072600000000003
-0.5433999999999999
0.004989999999999997
-0.17485999999999996
-1.5565599999999995
-1.07986
-0.9793100000000001
-2.351620000000001
-2.4226300000000003
-1.316969999999999
-2.1699399999999995
-2.4953399999999997
-1.3811299999999995
-0.032189999999999996
0.26935000000000003
0.20010999999999984
-0.1557999999999999
0.38091
-0.20351999999999992
-0.09303
0.5505
0.48218999999999995
0.37334999999999996
0.53641
0.29173
0.55654
0.4665500000000003
0.44682000000000033
0.6459900000000001
0.18252
-2.0737499999999995
-0.93812
-0.49695999999999996
0.10001000000000003
0.12929
-1.0641
-0.6735599999999998
0.21727999999999992
-0.09633999999999995
0.6112599999999998
0.75412
-0.23665
0.6487699999999998
0.63282
0.9262899999999997
1.0389200000000003
1.0673500000000005
0.8629000000000001
0.6553800000000003
0.7281599999999999
0.35531000000000007
-0.31493999999999994
-1.6157399999999997
-0.95284
0.2361
0.63467
-1.677219999999999
-0.8060300000000001
-0.43797
0.14595000000000002
0.28964
0.33553999999999995
-1.7008399999999997
-2.47832
-0.42361
-1.5830999999999995
-0.8508999999999999
-1.5198799999999995
-2.6060999999999983
-0.7946399999999997
-0.53204
-0.85315
-0.33614
0.35324000000000005
0.26391999999999993
-0.09658999999999997
0.17945999999999998
0.6863499999999999
-1.8375699999999995
-0.47102000000000027
-0.16595999999999994
-0.30676
-0.4636599999999999
-2.2803000000000004
-2.65233
-1.8526599999999989
-0.8982999999999995
-0.5724300000000001
-0.23985000000000004
-0.21627000000000002
-2.4538800000000003
-1.4788400000000002
-0.14142999999999994
-0.07739000000000001
0.16976
0.26008
0.08793999999999996
-0.8917199999999993
-0.5978600000000001
0.26273
0.28097
0.15458
0.2271
-0.17665
0.15080000000000005
0.05063000000000001
0.03550999999999999
-0.04037999999999998
-0.4382500000000001
-1.6577000000000002
-2.06301
-2.4593700000000003
-2.4631699999999994
-1.5007199999999992
-0.6834399999999999
-1.8695599999999997
-2.1188499999999992
-1.4010199999999995
-2.0780599999999994
-2.19113
-2.034149999999998
-2.1797600000000004
-2.021149999999999
-0.1779199999999999
-0.9408000000000003
-0.28536
-0.1870900000000001
-0.8349200000000002
0.30539
-0.14589999999999997
0.3012399999999999
0.9150200000000001
0.9360800000000001
0.4073200000000001
-0.16105000000000014
-1.1317099999999995
-0.18879999999999997
0.09387999999999996
0.25895999999999997
0.16951999999999998
-0.2083700000000001
-1.1476199999999992
-1.9980700000000005
-0.8762300000000005
-1.00278
-1.0230899999999998
-0.9937399999999998
-1.9006699999999999
-2.4997499999999984
-2.736790000000001
-1.4962500000000007
-0.9467999999999998
-0.9034899999999996
-1.87706
-1.2995
-2.02131
-1.5119999999999996
-1.7646499999999994
-1.06901
-1.0882300000000003
-1.22671
-1.260730000000001
-1.6636899999999997
-0.53925
-0.22956000000000007
0.48536999999999986
0.6047999999999998
0.2790400000000001
0.37061999999999995
0.40682000000000007
0.17095000000000002
0.46251000000000003
-0.5602900000000001
-2.76056
-1.3886800000000006
-0.42107999999999973
-0.9139199999999996
-0.8293899999999996
-0.7946899999999997
-0.25723000000000007
-0.9632300000000003
-1.01543
-0.9058699999999998
-1.8289199999999997
-2.6934699999999983
-2.5222999999999995
-1.7719199999999993
-0.7921299999999999
-0.5091699999999998
0.06761999999999997
-0.08529
0.10055999999999997
0.19682
-0.6600400000000001
0.02239
-0.3973499999999999
0.5207900000000002
0.11782999999999999
0.6479500000000001
-0.07075999999999999
0.5212400000000003
0.63692
0.006750000000000016
0.3060700000000001
0.39962
0.4638899999999999
-0.39780999999999983
-0.03955000000000002
0.16822999999999994
0.4176299999999999
0.3837500000000001
0.5414000000000001
0.20922999999999992
-0.09871000000000003
-0.2548499999999999
-0.3213
-0.23238999999999999
-0.1861
0.35463
0.5352
-0.23642999999999995
-0.5762200000000001
-2.2457599999999998
-0.24680000000000002
-0.4594
0.13385000000000002
0.19854999999999992
0.13389
-0.45536000000000015
-0.77217
-0.8276199999999999
-0.000399999999999999
-0.36634000000000017
0.023369999999999985
0.18250999999999998
0.46712000000000037
0.29425999999999997
0.31018999999999997
0.32586999999999994
0.26925999999999994
0.24576999999999977
0.015770000000000003
0.28601999999999994
0.32377
0.42919
0.23757999999999993
-0.3261299999999999
0.24960999999999983
0.3801600000000002
0.33032999999999985
0.24467999999999995
0.08849999999999998
0.4730000000000003
-0.17085000000000006
0.10283000000000002
0.2873299999999999
0.24922999999999998
-0.6954099999999996
-0.30112000000000005
-0.3230499999999998
0.11720999999999995
0.04666000000000003
-0.05059999999999997
0.07940000000000003
0.10707999999999998
-0.17471999999999993
-0.32703000000000004
-0.5137499999999998
-0.39030000000000015
-1.1279099999999993
-0.06888000000000001
0.53183
0.4250800000000001
-0.2588
-0.51113
-0.7749499999999999
-0.5165099999999999
-0.19594000000000006
0.19725
-0.00010999999999999122
0.20972999999999978
-0.4562699999999999
-2.4961100000000007
-1.4951199999999991
-0.6712500000000001
0.10251000000000002
0.07576999999999998
0.34936000000000006
0.15736000000000008
-0.17779
-0.2230000000000001
0.07149000000000001
0.23385999999999987
0.17210999999999999
-0.47418000000000005
-1.0927999999999995
-0.31556
-0.29832
0.13022999999999998
0.11391
-0.27198
-0.06643
-0.08712000000000003
-1.8427099999999994
-2.5674300000000003
-1.44064
-0.22026999999999994
-0.18892999999999993
-0.25994
0.23208999999999994
0.31001000000000006
0.4271999999999999
0.17970999999999995
-0.24251
-0.33586000000000005
0.008519999999999998
-0.7745500000000003
-2.3834299999999993
-1.0726400000000003
-0.9736100000000001
-1.0028399999999997
-2.0638499999999995
-2.4062900000000003
-2.1801799999999982
-2.4285200000000007
-2.515909999999998
-1.3701199999999998
-0.4926900000000001
-0.05585000000000002
0.12466000000000006
0.28065999999999997
0.27616
0.18164999999999995
-0.46012999999999993
-0.5675600000000001
-0.15094999999999995
-0.02257000000000001
-0.22899999999999998
-1.2023899999999994
-1.04673
-0.11762000000000006
0.20785999999999993
0.5220100000000002
0.48843000000000036
0.27051000000000014
0.5673500000000001
0.6756899999999998
0.93086
0.70612
0.38814999999999983
0.7013800000000002
0.7227800000000001
0.95778
0.08215000000000003
0.38028000000000006
0.38793
0.45576000000000016
0.34938
0.29988000000000015
0.2363900000000001
0.3739699999999999
0.38188999999999995
0.2206599999999999
0.37160000000000004
-0.09081999999999998
0.25535
0.3006400000000001
0.042790000000000036
0.3608499999999999
0.4368600000000001
0.5875300000000001
0.02392000000000001
-0.3340299999999998
-0.07785
-0.7686799999999999
-2.3615
-2.5727999999999995
-1.22332
-1.2393899999999993
-2.44018
-2.6037799999999987
-0.9634200000000002
-0.15817
-0.22440999999999992
0.11614000000000002
0.23878000000000008
0.26533999999999996
0.27795000000000003
-0.78079
-0.8294199999999998
-0.07425000000000001
-0.026019999999999995
-0.12416
0.03830000000000001
-0.5553500000000001
0.05436000000000002
0.11455999999999995
-0.742
-2.192870000000001
-0.9114900000000001
0.29801
0.13550999999999996
0.24537000000000003
0.5506400000000001
0.7762799999999999
0.2969099999999999
-1.1892800000000003
-0.4794000000000001
-0.11059999999999999
-1.5819900000000007
-0.2867500000000001
0.15636
-0.04956999999999999
0.12340000000000001
0.10112000000000004
0.06660000000000005
0.32339999999999997
0.16924
0.24541999999999992
0.08454
0.2255399999999999
0.09096
0.15883999999999995
-0.18925999999999987
0.08905999999999999
0.30596999999999996
-1.4561799999999996
-2.498059999999999
-2.5836699999999997
-0.78258
-1.6513500000000005
-0.4443000000000003
-0.19191999999999998
0.12268000000000001
0.1813799999999999
0.18290999999999996
-0.12545000000000003
0.01845
0.07838
0.14233999999999997
-0.8205199999999998
-0.30730999999999975
-0.29020999999999997
-0.7982499999999999
-1.8748399999999996
-0.7117900000000003
-0.03312000000000001
-0.5692700000000002
-0.43518
-1.7311199999999989
-2.5055099999999997
-1.0910700000000007
-0.49884000000000006
-0.32814
-0.05814000000000001
-0.24940000000000004
-0.40850999999999993
-0.3789
0.0028200000000000057
0.12301999999999996
0.060439999999999994
-1.1480599999999996
-0.29018000000000005
0.23696999999999996
0.13393
0.25993
-0.07575000000000001
-0.31109000000000003
-0.43787
-0.49231999999999987
-0.49034999999999984
-0.37725000000000003
-0.37121999999999994
-0.59525
0.03636000000000002
-0.09673999999999999
0.27482999999999996
0.7683999999999997
0.6788300000000003
0.7149
0.7039200000000001
0.8212599999999994
0.41314999999999996
0.22783
0.03355000000000002
0.31100999999999995
-0.43453999999999987
0.38175000000000003
0.22343999999999992
0.31595999999999996
0.5374899999999999
0.72086
-1.7522600000000004
-1.5759100000000001
0.10428000000000001
-0.99095
-1.17917
-0.6677799999999999
-0.7673599999999997
-0.6147199999999998
-0.23872999999999991
-0.13415000000000002
-0.13599
-0.251
-0.5296200000000001
-0.5667999999999997
-1.688309999999999
-2.376329999999999
-1.4231299999999993
-0.061560000000000004
0.21202
0.17821999999999996
0.2779600000000001
0.40347
0.5147799999999998
0.4994599999999999
-0.14814
-1.2898300000000003
-0.21418999999999994
0.32933000000000007
0.34583000000000014
0.23055000000000003
-0.6552199999999999
-0.2569200000000001
-0.05089999999999998
0.22902999999999987
0.44459000000000004
0.20220999999999992
0.44709999999999994
0.3774299999999999
0.2897799999999999
-0.08657999999999999
-0.16868999999999995
-0.30282
-0.3959100000000001
-0.21177000000000004
0.04539
0.2687300000000001
0.15746000000000002
0.40435999999999983
0.7880900000000003
1.06634
0.6226599999999998
1.0046399999999995
1.0558900000000002
-0.2971599999999999
0.52535
0.44203000000000003
0.5272599999999998
0.24706999999999993
0.11763000000000004
0.37022999999999995
0.16515999999999997
-0.26059999999999983
-0.29080999999999996
-0.21895000000000017
-2.6288600000000013
-1.6051700000000004
-0.4875599999999999
-0.23753999999999995
0.426
0.37809
0.44803999999999994
-0.6825300000000002
-2.5050499999999993
-0.6374299999999998
-1.5977899999999983
-1.6271099999999996
-0.22080000000000002
0.17939000000000005
0.4169
0.31035999999999997
0.22222999999999996
-0.4343300000000003
-0.29219
0.31862999999999986
0.29306
0.15130000000000007
0.39210000000000006
0.6832800000000002
0.2132299999999999
-0.19666999999999996
0.07460000000000003
-1.3395499999999998
0.008569999999999998
0.21126999999999999
-0.3040300000000001
-0.47107999999999994
0.44813999999999987
0.44527
0.31776
-0.57553
-1.4512500000000008
0.4361399999999999
0.7139499999999999
-0.44176000000000004
-0.4026200000000001
0.33413999999999994
0.49998
0.66765
0.4727199999999999
-0.6357799999999998
-0.27857999999999994
-0.19753999999999988
-0.19268999999999992
-1.5226399999999998
-0.24128
-0.3770300000000002
0.35366
-0.08229000000000004
-0.4392199999999999
-0.7570999999999997
-0.22530000000000006
0.4107900000000001
0.30308
0.4019699999999999
0.7043200000000003
1.0619400000000003
-0.34392
0.4151400000000002
-0.5072899999999998
0.15264999999999998
-0.38892999999999994
0.64439
0.39501000000000003
-0.42474000000000023
0.27003
0.24384999999999996
0.10389000000000001
0.42715000000000003
-0.29844000000000004
0.82459
1.1705
-0.07797999999999998
-0.46814000000000006
-0.6494999999999997
-0.9531100000000001
-0.57022
-0.5631999999999999
0.04652000000000001
-0.01736
0.14719
0.19596000000000002
-0.014130000000000002
-0.3955100000000001
0.17461
0.12700000000000003
-0.23131999999999997
0.3177399999999999
-0.09845000000000002
0.5520900000000001
0.10968
0.7846000000000002
-0.22993999999999992
-0.39898000000000033
0.12224000000000002
0.07273000000000002
0.09732000000000005
-0.033149999999999985
-0.19529
0.02645
0.23332999999999987
0.32794000000000006
0.8474799999999998
0.7658800000000003
0.34766999999999987
0.6941100000000001
0.7658400000000001
1.1337300000000001
0.55061
0.7242199999999999
-0.93503
0.09140000000000002
-0.4824700000000004
-0.21628999999999998
0.15710999999999997
0.38608000000000003
-0.008349999999999988
-0.39805999999999997
-1.2919799999999997
-0.41754
-0.01590999999999999
0.16700999999999996
0.11889
0.29838000000000003
-0.12044
-0.14134999999999998
0.0356
0.24796999999999994
-0.16409999999999994
0.52583
0.16322999999999996
1.08962
0.9908199999999995
1.0021199999999992
0.9276599999999999
-0.18244999999999986
-0.27317
-0.30648
-0.15353
-0.34672
0.5037500000000001
0.6561300000000003
0.9586199999999998
1.10418
1.1502199999999996
0.9684700000000003
0.4317299999999999
0.7510900000000003
0.7780600000000003
0.64864
0.25358
0.26793999999999996
0.30260999999999993
0.20825
0.40974000000000005
-0.37714000000000014
-0.14738999999999997
0.23751000000000005
-0.3654400000000001
-0.3265099999999998
-0.39795
-0.3945899999999999
-0.5709899999999999
-0.3014800000000002
-0.002289999999999988
0.19952999999999987
0.08649999999999998
-0.13201999999999997
-0.21622999999999995
0.19833999999999996
-0.18209000000000003
-1.4063099999999995
-1.5880699999999992
-0.9058999999999997
-0.7747799999999997
-0.3743099999999999
-0.3144999999999999
-0.37060000000000004
-0.24137999999999998
-0.3856199999999999
-0.31630000000000014
-0.042159999999999996
0.12418999999999998
0.2625299999999999
-0.020790000000000003
-0.06114999999999998
0.04299
-0.17560000000000006
-0.14353
-0.42207000000000006
0.39427000000000006
0.4862499999999999
0.45185999999999993
0.4183100000000001
0.49624
0.21696
0.4458200000000001
0.36888999999999983
0.5368500000000002
0.7148399999999999
0.3846799999999999
0.4101399999999999
0.48060000000000025
0.32547
-0.22309000000000004
-0.3449700000000002
0.06463
-0.26586000000000004
-0.31735000000000013
0.04540000000000001
-1.2623899999999997
-0.9858199999999994
-2.2151099999999997
-2.2461899999999995
-2.2700899999999997
-2.3427399999999996
-2.0693599999999983
-0.52444
0.08794
0.19916999999999996
0.33157
0.18025999999999998
0.31438000000000005
0.43662999999999996
0.5907799999999999
0.30824999999999997
0.16323000000000001
0.24875000000000003
0.13604999999999992
0.22748000000000004
-0.11844999999999999
-0.30075
0.22753
0.22497999999999993
0.15649999999999994
-0.4617000000000001
-0.06269000000000002
0.0166
0.47585
0.49877000000000005
0.4900200000000002
0.70616
0.5651700000000002
0.26633999999999997
0.5963700000000002
0.4903100000000001
-0.060939999999999994
0.049530000000000005
0.27311
-0.6470400000000001
-0.14694999999999997
-0.19386000000000003
-0.13474999999999998
-0.68411
-0.46363
-0.20736000000000007
-0.6882199999999998
-0.2741500000000001
-1.20672
-1.8312599999999997
-1.2614499999999997
-2.0185500000000003
-1.0295499999999997
-1.0785299999999995
-2.5281799999999994
-2.5784199999999995
-2.5868899999999995
-2.6417499999999996
-1.77983
-0.8373400000000008
-0.20507000000000009
-1.5454199999999998
-0.6992600000000002
-2.1299599999999996
-1.8628300000000004
-0.5065700000000001
-1.8941000000000006
-1.1590200000000002
-0.7207400000000004
0.27806000000000003
-0.36147999999999997
-0.6753800000000001
-0.5525800000000001
-1.1903000000000004
-1.0163400000000002
-0.9178599999999997
-0.7372400000000003
-0.80313
-0.44393
-0.20871999999999996
-0.20733000000000004
-0.07119000000000006
0.18588999999999994
0.36792999999999976
0.6509899999999998
0.10058
-0.032270000000000014
0.03274
-0.19801000000000013
-0.22805000000000006
-0.18160000000000004
-1.803630000000001
-2.05426
-0.9354499999999996
-0.29417000000000004
-0.5416799999999999
-0.57216
0.2209099999999999
0.29571
0.3122699999999999
0.5208399999999999
0.22990999999999995
-0.6413700000000003
-1.17793
-0.29318999999999995
-0.13852000000000003
-0.9944700000000003
-0.8373199999999996
-1.0878
-2.1445900000000004
-1.9600300000000004
-1.20381
-1.3928700000000007
-1.2487400000000004
-0.9686800000000004
-0.6578400000000001
-0.08506999999999999
0.07779999999999998
-0.5409900000000002
-0.7484300000000002
-1.1044400000000003
-0.7144300000000002
-1.1110100000000005
-0.013390000000000008
0.026000000000000013
-0.7947000000000003
0.14103000000000004
-1.1388700000000007
-0.06414
0.44583999999999996
-0.6917
-0.8503200000000003
-0.5398700000000001
-0.054200000000000005
-0.7154200000000004
-1.5770300000000006
-0.9763200000000002
-0.6659500000000002
-0.7425899999999998
-0.8363899999999996
-0.4546200000000001
-1.2109400000000001
-1.8503799999999995
-2.480929999999999
-0.6476900000000001
-0.31990999999999997
0.30657999999999985
0.54196
0.04919000000000003
-1.1955299999999998
-2.182480000000001
-2.0961200000000004
-2.644099999999999
-1.148490000000001
-1.33433
-1.1517900000000005
-1.5502000000000005
-1.30873
-1.9187100000000001
-1.4224299999999996
-1.7625300000000002
-1.7469999999999992
-0.17686000000000004
0.4176400000000001
-0.024049999999999988
-0.23401
0.3501700000000001
-0.7353100000000002
-0.09220999999999999
-0.08444000000000002
-0.6204700000000001
-0.9951499999999998
-1.18693
-2.4422
-2.04284
-2.35129
-2.4489300000000003
-1.9178500000000003
-1.1338699999999997
-0.99764
-0.66104
-1.0410400000000002
-0.8684399999999995
-0.17804999999999993
-0.13707999999999995
-0.9353500000000001
-1.14812
-1.6343199999999998
-1.93192
-0.7150500000000004
-1.4813700000000005
-1.8192900000000003
-1.5230599999999999
-1.8539199999999996
-2.0355099999999995
-1.98631
-1.7303399999999995
-1.4539799999999996
-1.7523199999999992
-1.99483
-2.04904
-1.2046599999999998
-0.57371
-0.5569100000000002
-1.01917
-1.77839
-0.2838600000000001
0.054500000000000014
0.13812000000000002
0.02343000000000001
0.06717000000000004
0.39709999999999956
0.7503400000000002
-0.03162000000000001
0.5292499999999998
0.9987200000000002
0.8998700000000003
1.13467
1.5140099999999996
1.4760999999999995
1.0744799999999999
1.02459
-0.06455999999999999
0.5856200000000001
-0.29136
0.6514700000000003
-0.08525
0.02687
0.5714099999999999
1.0275400000000001
0.9558699999999994
-0.10067999999999996
-0.16824000000000003
-0.73773
-0.09373
0.5847799999999999
0.17742000000000002
0.19621000000000013
0.031369999999999974
0.33413000000000004
0.8686799999999997
0.7909500000000006
0.9205599999999994
0.9618099999999999
0.7356200000000003
0.9096899999999999
0.22104000000000007
0.9645899999999996
0.9206499999999997
0.8522899999999997
-0.5003699999999998
-1.18979
-1.5982000000000012
-0.4840500000000001
-0.7556800000000002
-0.46288
0.4193299999999999
0.52103
0.23161000000000004
0.5332899999999999
0.15752000000000008
1.0897799999999997
1.1634099999999994
0.61293
1.1947199999999993
0.66409
0.7348900000000004
0.82521
1.13487
0.8382399999999999
0.57231
0.81599
-0.4747199999999999
0.20249999999999996
0.5775399999999997
0.7730300000000002
0.5251899999999999
0.42845000000000005
0.10886000000000001
0.55314
0.6492100000000002
0.7509600000000003
0.56645
0.9389299999999998
1.04314
-0.28092
0.7198400000000003
-1.1819000000000002
-0.28024
0.5467799999999999
0.8675300000000005
0.8877899999999999
1.1373300000000002
0.96813
-0.03333
0.6784900000000001
1.2371599999999996
1.2668599999999999
0.7414000000000001
-0.3295599999999999
-0.6570199999999997
-1.8103199999999995
-1.8497799999999989
-0.3873599999999998
1.0445900000000004
0.88871
-0.7825399999999999
-2.2503899999999994
-1.8953799999999996
-0.6370599999999996
-0.49633999999999995
-0.61819
-0.35419000000000006
-0.6624599999999998
-0.12039999999999998
0.37013000000000007
0.15527000000000013
0.37146999999999997
0.4302000000000002
0.5585600000000001
0.6995300000000003
0.43352
0.6898399999999999
1.1172200000000003
1.13705
1.0884399999999996
1.49882
1.5290799999999996
1.1532000000000007
-0.06710999999999999
0.08077000000000005
0.02481000000000001
-1.3041200000000002
-1.9729199999999993
-2.741170000000002
-2.71965
-0.88298
0.30511000000000016
0.7029800000000002
0.8012499999999996
0.8148400000000001
0.77641
0.7534300000000003
0.9498900000000002
0.8877499999999999
1.0032299999999998
0.8181499999999998
0.039270000000000034
-0.10741999999999997
-1.3160700000000003
-1.9422499999999994
-2.09447
-1.93372
-1.2390700000000003
-0.9865200000000002
-0.7743299999999997
-1.9638900000000001
-1.0798600000000005
0.19284999999999997
0.27363
0.7587000000000002
0.3341799999999999
0.34068
0.19551000000000004
0.02583
-0.2710000000000001
0.10747999999999996
0.3271499999999999
0.3459399999999999
0.57779
0.25436999999999993
-0.5726600000000002
0.5605900000000001
0.7761
1.1451500000000001
1.1553699999999996
1.4132100000000003
1.43382
1.3604499999999995
1.33385
1.4410600000000002
1.2811000000000001
1.2999200000000002
1.2227300000000003
1.4568600000000007
1.23117
1.4338500000000003
1.3969600000000009
1.5785500000000008
1.35431
1.6775900000000008
1.6630900000000002
1.6782499999999996
1.1473000000000004
1.5801300000000003
1.3007900000000003
1.47726
1.2432700000000003
1.3244699999999998
1.4265300000000007
1.4360300000000012
1.5818899999999996
1.2957199999999998
1.6878999999999997
1.2577699999999998
1.0267899999999999
-0.22434000000000012
-1.9042700000000006
-2.50942
-2.2254099999999992
-2.724560000000001
0.3923699999999999
0.6993600000000001
0.9086299999999996
0.37773999999999996
0.5917699999999998
0.9276599999999998
0.6723900000000004
1.0824499999999997
0.12089000000000003
0.31374
-0.10068999999999999
0.16588000000000006
0.37952000000000014
-0.4137600000000001
-0.7449700000000001
0.06532000000000006
0.81916
0.8864499999999998
0.30202999999999997
0.43015999999999993
0.35162999999999983
0.8886300000000001
1.1375499999999998
1.2307899999999998
1.15796
0.39346
1.1627200000000004
1.2981899999999995
1.2365200000000005
1.1117299999999997
0.9121699999999998
0.8603899999999998
0.97805
1.0775199999999996
1.1042699999999996
0.9941500000000001
1.2065899999999994
1.2498599999999995
1.1951400000000005
1.2536699999999996
0.33208000000000015
0.7480100000000001
1.13265
-1.8069000000000002
-1.3864400000000001
-1.2500300000000004
-0.48111000000000026
-1.0590200000000005
0.3551499999999999
0.24406000000000005
0.2803299999999999
0.78328
1.09943
1.2132100000000003
1.3417499999999996
1.30146
1.2078499999999999
0.42650000000000005
0.43810000000000004
-1.02993
-1.8921400000000008
-2.2733900000000005
-2.04347
0.19751000000000005
-2.158070000000001
-2.02229
-0.7135499999999998
-0.7254200000000001
-1.4446700000000001
-2.571329999999999
-2.0537400000000003
-0.94196
-0.6967499999999996
-0.1526899999999999
-0.10159999999999993
-0.33111999999999997
-0.69328
-0.9328500000000001
-0.014729999999999998
0.4486500000000003
0.7443900000000002
0.9621999999999998
0.8738799999999998
0.8678999999999997
0.8261499999999998
0.9681999999999998
0.21275
0.2981200000000001
-0.36961999999999995
0.26238999999999996
0.24554999999999996
0.21772000000000002
0.2844499999999999
0.9768500000000002
1.04454
0.24751999999999996
0.9317000000000002
0.7941400000000001
0.9431099999999997
0.09606000000000005
0.23042
0.14925
0.15094000000000002
0.14572
-1.2981099999999999
-0.8894
-1.7281400000000007
-2.36221
-1.3275
-0.8587499999999997
-0.8397299999999994
-2.344830000000001
-0.6951199999999997
-1.09995
-2.2386399999999997
-0.30605000000000004
-0.051400000000000015
-0.32153
-0.3458700000000002
-1.0828800000000005
-1.0647300000000002
0.09792
-1.1619700000000004
-1.5369100000000007
-2.1889900000000013
-1.6212800000000005
-1.6714200000000003
-0.5859599999999999
-2.7431700000000006
-0.7862400000000004
-1.9127100000000004
-1.4884400000000004
0.1824
1.0437100000000006
1.4128900000000002
1.3561400000000003
1.3518999999999999
1.0391900000000003
-0.4491900000000001
-1.2969000000000002
-0.5020100000000001
0.3143400000000002
0.7847499999999996
0.3947099999999999
-1.3476399999999997
-0.45495000000000013
0.62626
0.6730100000000003
1.0806900000000004
1.1885999999999999
1.13943
1.32825
0.9796800000000003
1.22275
1.14887
1.0344099999999996
0.9025100000000006
0.9339500000000003
-0.6701
-0.32625999999999983
0.11955000000000002
1.17475
0.20278
-0.6948299999999997
-2.8059000000000003
-1.0562600000000002
0.24731000000000009
-0.9738199999999996
0.6496400000000002
0.9745299999999998
0.55901
0.014400000000000007
0.027249999999999996
-0.23065999999999998
-1.1051000000000004
0.15166000000000007
0.75185
0.7785200000000002
0.6567799999999999
0.7829
0.72943
1.0366100000000005
0.3053100000000001
-0.7214499999999998
-0.4192700000000001
-1.2922099999999999
-2.2742399999999994
-2.1354699999999993
-0.53861
-1.91481
-0.4572399999999998
0.48804999999999993
1.13741
1.01868
0.2373900000000001
0.6221599999999998
-0.32402000000000003
0.5245500000000002
0.9257999999999998
0.20875000000000005
-1.2494599999999998
-0.24338000000000007
0.18545000000000017
0.05963000000000005
-2.719650000000001
-0.56402
-1.43277
-0.30366000000000015
0.5323399999999997
1.2071900000000002
1.05474
0.7822999999999997
-1.4533200000000002
-0.37045000000000017
0.5551800000000002
0.08491000000000003
-2.2390299999999996
0.007749999999999992
-0.36221000000000003
-1.2910400000000002
0.15565000000000004
0.13914
-1.937740000000001
-1.8156600000000003
-2.57536
-2.278530000000001
-0.7733899999999996
-0.95103
-0.39524000000000004
-0.5291600000000001
-0.7644099999999996
-0.7969300000000004
-0.6193199999999999
-0.20792
-0.69572
0.23434000000000005
0.14011000000000007
0.4522899999999999
0.41939999999999983
0.27311
-0.4932300000000002
0.31812000000000007
-0.5431300000000001
-1.617940000000001
-0.36493000000000003
-0.6169700000000001
-0.6689500000000003
0.02591
-0.9354800000000003
-0.43230999999999997
0.17769000000000004
0.8632900000000002
1.01333
1.0386999999999997
0.8792999999999997
0.8948199999999997
0.25527999999999995
-0.127
0.18630000000000005
-0.5131400000000003
-0.47606999999999994
0.11996000000000001
0.13435000000000005
0.11105999999999999
-0.23362000000000002
-0.10567
-1.9566499999999993
-2.5358999999999994
-2.5637
-2.5805200000000004
-2.6439099999999995
