0.4320575490259037
0.37104966479760043
0.14500545513979746
0.2517291943147766
0.43622526652777777
0.4211576795029822
0.02777723816359008
0.2950120980819596
0.12778815796055767
0.2684106783491236
-0.5194042795293105
-0.6228125450049566
-0.2102436694610666
0.09367414895418848
-0.026236061964736795
0.2022564643214262
0.3266773517832581
0.46226922801275194
0.4336481268113383
0.6147356713661272
0.6606123004111994
0.8034085413537035
0.89120958088549
0.8008737407087024
0.9944582264545979
0.8587600066213092
0.9435633887190582
0.6332738731803252
0.5235207008731891
0.45914294769825276
0.39174691466759215
0.7508387936998409
0.521471058505729
0.5909238966695004
0.5561364221884861
0.3726421560725496
0.6080479215099536
0.5230100553809747
0.5311601874777869
0.7340634689922898
0.7363214227586434
1.0255684798051359
0.8037714019157127
0.5483443920392979
0.5598248478263029
0.20674016126574984
0.48707442513876115
0.618346987378109
0.5979982356550434
0.45352457253503226
0.32312537700022026
0.27746691427922016
-0.0007932244438252911
0.45604994955314526
0.2122116298787921
0.44860246951337956
0.34756381873076
0.16556452602366653
0.7883710126367378
0.7467267975501969
0.6909191188001775
0.21725634063674348
0.1806108521444515
0.19535537621768184
0.38138174718811796
0.07653051357293902
0.18072288531902644
-0.1163541033100246
-0.5364355037592391
-0.18923767861669455
0.0868081440755193
-0.17452001922156807
0.11533334750886924
0.14014522951559505
0.576255313038099
-0.14376490149204063
0.26561469864204473
0.5376907243179658
0.7404490972020309
0.750014199236084
0.6957999186562265
0.8063137733740254
0.7081650702100856
0.5379947398685015
0.9237676208134433
1.0094540037995894
1.1987465345819979
1.1063295983668204
1.1521283961082782
1.2890384213721753
1.1985832098098277
1.1317791083813216
0.9862340595656063
1.083670617702393
0.4277753153367994
0.4555778985207082
0.6086962960919128
0.8224070904828881
0.7187970785589846
0.704423660963577
0.891557939161408
0.7324990164974821
0.8812722298618346
0.7209020902621796
0.782584080288866
1.1256214594051097
1.3690544708286028
1.2557998431020696
1.3176990641512756
1.119888194521896
1.0883539425368407
0.9767052264159852
1.3350328341324058
-0.03768592439574209
-0.1658862694235308
-0.287549162400092
-0.21303418206843622
-0.14657765366220243
0.08633662699499274
0.212952143693931
0.20825471078115
0.07343500087402982
-0.1078037977741971
0.24083452892951673
0.1220740015179981
0.2127617322550719
0.42646715314515904
0.6451209689415413
0.7526449256104117
0.5156367952635946
1.0208652094463115
1.3893596028392348
1.37601588698832
1.1633508458871293
1.1319243114571487
1.2309309716974741
0.9223900814850351
0.7393978907234323
1.0474224573881163
0.7229886609727604
1.0723894344594105
-0.9524851452228313
-1.2209289185442407
0.1849018378703247
0.8189587978051736
-1.1326794422806548
0.5879229798991141
0.259490408195521
0.8166528854094162
-2.22995238547007
-2.697990751632764
-1.3847239994402458
-1.0035110574210266
-2.081727819539913
-1.7331266314116436
-2.5497972600279954
-1.9310529854718386
-1.915103327137718
-1.6838139058921453
-2.0881202476661707
-2.7069897219351997
-1.8617410578500848
-0.5661483678526923
-0.1980618829606416
-0.18814775295061903
0.221973445603138
0.699459569133206
0.5123603449874183
0.7284735108921242
0.8270655020016857
1.0717479433611499
0.8571288216789715
0.40527475527598594
0.9147447682123852
1.0659233240699657
1.0367176388919357
1.1175141985717714
1.2528491283754117
0.6328544331996689
1.0802071279258274
0.7222293710183793
0.9836762548455024
1.063189307761259
0.17232497954609546
0.7058910341073444
0.786725891213678
0.9105808977517206
0.26657989440526597
0.6212534526148437
0.4979892241616813
0.5755493751505115
0.9127047179504267
0.7777517541857436
0.533148494109309
0.544339917050709
0.27933831687164257
0.16592792469772197
0.2657759375944655
-0.7035709117011205
0.053802440509034766
-0.19869120564195103
0.1845922834429781
0.2734485222499116
-0.37089249521601286
-0.3376734638600336
0.03654825596974558
-0.25251110076283084
-0.028420033814292894
-0.4304385606131834
-0.9406130369204444
-2.354148786544045
-1.3101723675446562
-0.16200871192180794
-0.14055296294620057
-0.23410581745882514
0.3120836286232178
0.36374719904395714
0.40439469077771567
0.5387245957085344
0.41896813068370026
0.6504698034349059
0.920182259081658
-0.2156923169973063
-2.287500072992913
-0.6478710219619505
0.5324981801699478
0.26438542696012146
0.7922465308584391
0.5152541926476658
0.18707394259029608
-0.05588672098230926
-1.3923022082071783
-2.3199785717855157
-1.8337844773882046
-1.0412771871377413
-0.6074335639228204
-0.5592725876143414
-0.03738556475886473
-0.009166583794019745
0.14273081465351634
0.26491066347794884
0.41363432397130956
-0.7795143899295855
-2.275242239756999
-1.8487931306654222
-1.4560941342080176
-1.158980843031824
-0.672462708934959
-0.8116018231880044
-0.20476357162856695
0.24265148707639356
0.5304387182004386
0.1195953965118175
0.21797071083659458
-1.0637668487227094
-0.22457304304440268
0.18093873360268672
0.5354488110560982
-0.47975094117995143
0.19657173813074796
0.11404064746713838
0.21382611979872534
0.5862322044533453
0.2085983361244425
-0.1628040203239257
0.8002789901301971
0.9354379212272755
0.48276364995634197
0.38536785385373734
-0.3770891858114329
0.2726550863043835
-0.3612213296047012
-0.15096699027539412
-0.08328385591591181
-0.2777055596098
-0.7107571879581196
-0.05282415309371727
-0.6684517447572103
-0.8625661128276008
-1.0284614455589436
-0.4588737428398104
-1.0483487302241272
-1.0159241578654992
-1.2143050062537237
-0.6927540222347567
-1.1326702119054228
-0.6052863678875098
-0.2765224925331347
0.013718173437862205
-1.38283157470534
-0.4300898314534687
-0.6944093723394391
0.08137148795180635
0.5192519440320704
0.09262546175529741
0.26346730996794665
0.2683109321086915
0.6381428845156326
0.7591849099804782
0.8069044691052928
0.39143949933427136
0.5903466276227396
-0.08310238933224665
-0.8074101058504961
-1.7473839195568561
-2.334449284811961
-1.224404698512065
-2.5798928675763775
-0.4057466429285972
-2.7169965557354385
-1.6266812790902172
-0.42278204589617663
-0.6174262321541742
-0.2824285142703194
0.14291164402465353
0.11441030021826909
0.43547910744504026
0.5729721074846121
0.5926406519737433
0.16520065120230049
0.2162744918620551
0.3256468645186743
0.701976263955538
0.8398225621758058
0.8720050641807664
0.3723603311624641
-2.2469520096370035
-0.41092863747901764
0.3239552671544912
-2.292143738019747
-0.08536845239572896
0.31129160185371807
0.345619346398272
0.22187633883349586
-0.027321214672615973
-0.234598245344741
-0.013768240588849456
0.26524978481123873
0.27434562522390193
0.19064989309350872
0.08254087484678498
-0.11992653017878122
0.4703636185458538
0.6753271231903116
0.3376599671027798
0.528766156421947
0.6699559360023851
0.21263058157518322
0.2711249203132037
0.08163759199556492
0.11734614786969769
-0.1462678639009698
0.16511769688735722
0.5216428551561978
-0.6226768724663682
-0.3922427832102714
0.2502568500958429
-0.48590670795353874
-0.0572866297648571
1.0905293185279037
1.1503036394240758
-0.43410962008509546
0.10007423682094788
0.6367458832020225
0.203202165728871
0.8534361012892969
0.7827217103433356
0.48310940357196025
0.12127996634029176
0.7107687766227428
1.4536671718945677
0.2549254584279468
0.3941073679277804
0.799704004362428
0.709309486053847
0.9690668107532235
0.7908371222368205
1.1073965583170817
0.849788839289042
0.27442862236126425
-0.2190008298269468
0.3003097952569536
0.4879408436835701
0.6548792512007663
0.5822689296545673
0.21032634349113388
0.6172235404942957
0.9084831905996228
0.6307197237047706
0.8203389111454612
0.7462988125502756
0.3252893463682923
0.5801280274815664
0.48962959912325377
0.7368295122827341
-0.38860114459633843
0.1868283115414754
0.6087669266383771
0.774006032262442
0.504867875954323
0.1420959939403769
-0.5898912633027645
-0.2190353022556666
0.21934483408766176
0.5947370097530205
-0.18993776895327547
0.003391975624220056
-0.05589378597174424
-0.3717322860693968
-1.962571738787275
-1.406640459364734
-0.3874077194035064
0.07088552274384471
0.21464780590412305
-0.20506752703490672
-0.5813332086385381
-0.5205772204334509
-0.29027696650012413
-0.36974978583002777
-1.9345021109741896
-0.46481773921695524
0.08264157532724883
-0.05493490438018542
-1.4729147275052745
-1.544938702025712
-1.5523872411753186
-0.98617709718211
-0.635852829627885
-1.0376483503320373
-1.6995293870928143
-2.179480358323403
-2.5147861585624995
-1.8552477933748666
-0.9886590448518473
-0.32136124341482314
-0.12607014857046395
-0.41156881074910157
-0.4372405521329312
-1.33504461978984
-0.8446652455205744
-0.0913559146578469
-0.9092187529055233
-0.8022103318390774
-0.33659319545841626
-0.06170911596479858
0.3824030826280642
0.12193462127385696
-0.7928162777884982
-0.16144395156304775
0.3280826716809181
0.6748368206493315
0.7192944779897812
0.7160961265991109
0.5189928834548652
0.5943682794604961
0.6132934529179328
0.2661205505040882
0.5747141791435331
0.24167729641598937
0.16398136898825807
-1.2104456753718638
-2.076316831316635
-1.3734551893573541
-1.4658675788225446
-1.9511553303610478
-1.1376320225905396
-0.17322428130153678
-0.853640318797807
-0.5950382898476492
-0.7544530152476693
-0.7008470521838699
-2.3484234353697757
-1.615053941278919
-0.7929028087328536
-0.20750806010347134
-0.38423982463187945
-1.8391589917750557
-1.4831941146871552
-1.5296597699108532
-2.0898879189504025
-1.8674628993430429
-1.6466202046637701
-1.9925140206172647
-2.365749670770797
-1.3704224199195147
0.013731164864727669
0.09744586499914265
-0.12811157781539068
-0.3345844723823104
0.14733050382540697
-0.3697022603233497
-0.13783788336642655
0.5649919312193102
0.47518697408737504
0.44063353119731635
0.7092843516347297
0.3688235058712707
0.4635761004841932
0.4290844972490306
0.30313156961687177
0.4383532963565495
0.0007016490928904162
-1.8307336351463794
-1.0279311549900485
-0.722746312634113
-0.25166074165048197
-0.23693037918534504
-1.1647756622979781
-0.9128297669390957
0.2819420420747192
-0.3585467929435797
0.5240538531200616
0.7489932202657463
-0.46286050122664835
0.726522033363968
0.8544258113481819
0.9360366958359795
1.208347727180717
1.1285803502378713
1.07069762335919
0.832331793286995
0.9840971446815375
0.5732038124807476
-0.33443485894392094
-1.6900508292010552
-1.0363344957797576
0.0907829215448537
0.659550058970808
-1.7500466699788653
-0.7979889493559408
-0.486809537821315
0.017879878283046546
0.37359208249896925
0.40493669852116304
-1.8322428044485528
-2.3623762482146686
-0.5452778532649646
-1.7923383148759195
-1.3226697343796892
-1.9837629567588295
-2.4466255137879007
-0.9819754752750305
-0.5642879344178682
-1.0368710380132276
-0.30348789882327004
0.3936389046533324
0.3764623037572465
0.04767016085772438
0.4274828057180962
0.5630130445220163
-1.1847973906977194
-0.3502683190408168
-0.1570946115041632
-0.22514979817802566
-0.6245443382797701
-1.9746410735017026
-2.39400929865966
-2.0347077702720004
-1.3094932360588925
-0.7947266815831217
-0.26897717424135653
-0.3440515068022178
-2.0661896258621955
-1.2796810815607975
-0.37036268915821746
-0.06772556364975724
0.1680031355395203
0.4395503743441451
-0.11594941397588646
-0.825194855087131
-0.7736565645961234
0.19069217629830604
0.5416305267832815
0.2965282079994929
0.44245141112044734
-0.15889386360865565
0.1879070395117471
0.12425624598855807
0.17658213587127022
-0.09513965771273075
-0.45211578328624447
-1.314445166341082
-1.6415980430469777
-2.2297091242742315
-2.154535791576447
-1.408488057208749
-0.9755257566282516
-1.8580772207546392
-1.964859752804681
-1.215657081937007
-1.6834744610138817
-1.9551026653380679
-1.8053405298858398
-2.102066435262035
-1.707963846880549
-0.291076828331615
-0.8587926594771749
-0.5683802066610764
-0.3052138499541735
-0.9829699857668583
0.18604163511588256
-0.10975445271821599
0.1754155796556657
0.7267467243296836
0.7094205340028004
0.32597917380532976
-0.1320725400210681
-1.3416779148880063
-0.5328991174984438
-0.08030518416261803
0.13493133113676042
0.006237008556541912
-0.4101820900652199
-1.0315276040283334
-2.0545353992334303
-1.0664523016672263
-1.0636915387872898
-1.1408774910291273
-0.8404058315908817
-1.5831552941050673
-2.454471676191813
-2.7776998806779067
-1.3579853947868425
-0.7262131438761322
-0.7731505530271369
-1.9053580708259212
-1.3947232581092135
-2.3510052366702796
-2.02214280628382
-2.2736652317453125
-1.3064821345011939
-1.225549281252319
-1.7328743808174398
-1.7534479547558217
-2.005820928603537
-0.9970308633262932
-0.14713438047970379
0.23054813342844765
0.24236827774263345
0.020122347197086346
0.18603055918673872
0.16209289310379238
0.08005500521590596
0.2912721602288151
-0.9845001121469765
-2.877393348873472
-1.2616888154350103
-0.6196054113558633
-1.1363708973554423
-0.8463197384841148
-0.7965246881872636
-0.4392715662981981
-0.9748704399766139
-1.0857807394376762
-1.299198825546197
-2.0290946461405164
-2.404123047373893
-2.3477445001437522
-1.8440011423184919
-0.8011061822292296
-0.5340746622628761
0.17099028108392816
0.05775829595962728
0.013365475037739397
0.24166424157572958
-0.7789318167151528
-0.13924796349629537
-0.11664524270911353
0.32540806529633104
0.02944750229708752
0.5296484097373022
-0.06420882796683303
0.39963594880811637
0.4505689731764885
-0.1345970364117019
0.1397805239246548
0.33022374831028567
0.5348337837290082
-0.5850904460019103
-0.09402385849327327
0.2052596858726474
0.37701307168150405
0.4128141347080997
0.42226952072305
0.20817147271581168
-0.13917836825399404
-0.47687661003904414
-0.3707575126741333
-0.18519455191419287
-0.15002802571177487
0.3375962918111207
0.44619204511060606
-0.48798474258941815
-0.6846011871103671
-1.8618744787367854
0.19777242047671129
-0.37217423264812804
0.25673907378578886
0.1303550611043627
0.055945651599808854
-0.6335052939783725
-0.9088254261321185
-0.9715858528625532
-0.21358305146618467
-0.4580197623926451
-0.1698905188326491
-0.004135917044143456
0.2757990547832315
0.3497374546763783
0.12117158617051099
0.24665464368055623
0.1493591003490502
0.22544095793386923
-0.030530191227875092
0.22959642950116144
0.23253615215115986
0.30586540620211244
0.1692317042197991
-0.2685243246623195
0.12743976020223668
0.35832337146556736
0.17819273531375793
0.11710756363614415
-0.027479854763568318
0.2284182206602975
-0.12253338889365906
-0.013230535330458815
0.1062346296948187
0.01847222027325615
-1.0420680820016346
-0.41478118414479537
-0.4713164593922917
-0.22375025161517254
-0.2148469027964418
-0.09049654578433872
-0.08033736983032835
-0.1406323251943999
-0.21598675878324775
-0.5320134532966095
-0.7027668012228369
-0.38839673195332824
-1.4083920513106842
-0.24780486024275322
0.4507374130468588
0.29718465525774246
-0.30102223911145837
-0.5821078337242149
-1.2120339267951656
-0.6533373296529207
-0.23027499439323518
0.0671197478400117
-0.2374802630922901
0.045239846045725673
-0.5282688936475195
-2.333389296724204
-1.878060512985423
-0.7338427687733994
-0.022968923841711425
-0.03176105145332159
0.3476879248489093
-0.023826388043340363
-0.16452360275143163
-0.2149572108528462
-0.08061514825666122
0.08216958924352782
-0.03019802671028854
-0.779392475468934
-1.4897292645163442
-0.41076161944198086
-0.47221382819555136
-0.051738933996236885
-0.15348818809451403
-0.38434570543250224
-0.2588675002948451
-0.34364920356150835
-2.173762101976769
-2.3647646360982484
-1.6482401070685997
-0.2681868895982307
-0.1148788067262734
-0.30889561680400957
0.23773968641845117
0.25123178180801603
0.3465452995425678
0.04787315105408581
-0.48422086226532124
-0.607447369785425
-0.30652984202593786
-0.906583603060559
-2.2317272198638083
-1.439366774033566
-1.359430371339515
-1.1667416177696588
-1.6595151288967236
-2.2662036791445153
-1.7289276283868966
-1.9853338725511689
-2.377344565108356
-1.4095870513808602
-0.2570049072825509
0.08423697746480222
0.11962640228778205
0.22740341659903512
0.24563680761080253
0.14961939763697146
-0.9119236535062105
-0.9361473394785056
-0.32019688924973827
-0.1275769503453768
-0.3811019527993158
-1.7061117091829625
-1.1679125709738232
-0.17919187791824004
0.042608221216151446
0.4966311000008435
0.3752443221551903
0.15673414249975576
0.4298462881177366
0.5985391502116346
0.7407766384793637
0.725806175768723
0.3050240730074719
0.5667216597510265
0.6136404260748933
0.7696757839433924
0.07569587604957426
0.23646098836418863
0.36469363469799926
0.3733997929212104
0.39518614958572607
0.28168385534747564
0.06280483075730789
0.42970640177280467
0.41748926960650484
0.10340762873071208
0.33533550081076574
-0.1775980382034273
0.09523937115495461
0.07830970817978955
-0.09070288956992792
0.19727611843276172
0.4413983717040664
0.5118751835727684
0.03463329727808555
-0.3136041102863551
-0.08260463604128448
-0.7297625733394845
-2.0520057132280622
-2.247654270807861
-1.2221872285771862
-1.3600945936162483
-2.168645222831336
-2.5846423105640475
-1.1619030691614232
-0.32893760056665033
-0.3228421187188366
0.013871225875701249
0.30115472414081557
0.19117782356164517
0.19655673351115227
-0.9369924591114114
-0.8735611787975387
-0.18167275557475437
-0.11853609878521412
-0.30774742087733
-0.18457274913165855
-0.6866881596891653
0.038702873430491946
0.0450754754071028
-0.8618939038644178
-1.865936927547306
-1.1056244369947832
0.22852691028126354
-0.08241896811101893
-0.031996922389293025
0.34160088766355945
0.5314437238300458
0.08893375697212337
-1.4101067454279435
-0.5975585942685692
-0.10544315704711554
-1.2702928024844382
-0.3200553068534593
0.05782132525469352
-0.1162549177315427
0.18913504271125794
-0.022845713519403177
0.06632640349117334
0.2318971205724129
0.18874220583596318
0.1177924934788066
-0.055919120680656825
0.28558721257225517
0.028850102134717517
-0.02091040496794308
-0.21061038817991878
-0.04302522540044415
0.023793128599778335
-1.5318467616711318
-2.570373758757253
-2.3626815034201414
-1.179594525179942
-1.4177371346888357
-0.24551529423064927
-0.3868008373720948
0.02757810654760061
-0.15125719222642964
0.07742740969226153
-0.1643922874689388
0.02119012309123665
0.06341031535678358
0.15223205547538882
-0.9257896039147995
-0.4397470309497553
-0.44029686053371664
-1.2279780856694553
-2.308172961386847
-1.024376406241001
-0.2956175772869088
-0.7862045185180772
-0.6211193308177836
-2.0023280273230175
-2.2491164629098788
-1.5579248829458892
-0.36385617510222296
-0.5200949328271246
-0.06002437410048567
-0.4558438652562382
-0.4531439870997386
-0.24895004395854248
-0.08156760382569345
0.056249912837521926
0.10729470849111093
-1.2703138281352093
-0.45432895673802565
0.1768398658016223
0.08044592457642133
0.32141126499279027
-0.22550563032723936
-0.40134903747190187
-0.6409368400176939
-0.7521062423283293
-0.6512002350809267
-0.4095292336209134
-0.34632869660270155
-0.5948851545225075
-0.30624986575449137
-0.34913952980767454
0.25233822935108086
0.6442857178421518
0.6946418180971127
0.719263532693153
0.5877984019428462
0.7354745696625461
0.4822423014708431
0.19324172468929984
0.043575463221508653
0.12744643323119703
-0.5190076276116684
0.03703846593176385
-0.06787785743045979
0.04995606224105574
0.44541924746899103
0.42421949466686915
-1.1349583731548334
-1.7987194508855942
-0.28196616268863167
-1.1783822480592578
-1.433763161672063
-0.671137740423062
-1.022090030798281
-0.9582146267150826
-0.431951576514616
-0.18030820972672368
-0.2470289203454571
-0.46580659415022807
-0.8803053143163551
-0.6240014711465728
-1.6305291494564829
-2.429707213985063
-1.7110789393195103
-0.2923666597008765
0.08719897252653168
-0.11574451637587593
0.07651371919688975
0.22919896044014013
0.49012496338924455
0.34531306069190626
-0.12888651913145938
-1.2505408559422302
-0.35529120686549814
0.3941305875932368
0.1746775771853871
0.07348399669895653
-0.831891753592189
-0.4032076823726982
-0.36899065965382133
0.12812727238984353
0.28375728728347144
0.025021558311713155
0.5298885816984173
0.2547111963303894
0.18328712199176594
-0.17015440337151344
-0.30436553626121104
-0.1928958046006754
-0.2882006812690755
0.15265561009504164
0.21347943836854744
0.4769447805673638
0.1404465255089471
0.425934613089526
0.8669871223232757
1.0422981159101474
0.8527351048908863
0.9698113905319351
1.137702706679437
-0.39216210961996056
0.5177600088688756
0.45632886529774225
0.519955885479797
0.34149831035355427
0.16519888801736737
0.517871826431197
0.24811944952898674
-0.11785636110734418
-0.33610637230483076
0.21664463862346506
-2.0227876017727815
-1.5211973978972813
-0.1995341289317047
-0.09063787407260415
0.34845289916285693
0.5297235500921256
0.640593509616986
-0.894941413879752
-2.0290788939132214
-1.0140006412302807
-1.6105424022663026
-1.6045031391178424
-0.5119463903925743
0.3794392352338239
0.5849959052322589
0.47067754353857416
0.32432028335536245
-0.46936883412136765
0.07328136169872362
0.32808379699635337
0.31119454632458243
0.29035960770762725
0.4966582099207699
0.8081174149495476
0.45686589449323844
-0.15264232196332717
0.2537326990608002
-0.8293892251329785
0.0754225805162094
0.32801141334268613
-0.10137125897638258
-0.5702754490654444
0.26077349032676245
0.39859770518993065
0.20472350913391796
-0.5897459708057607
-0.9558313572078787
0.41282607405289534
0.9220641444025935
-0.2621652340495223
-0.4678088387825311
0.22982486981807249
0.4704485799680282
0.7850395194608093
0.5717213562529373
-0.5862386193055835
-0.17354380801026287
0.04488141304757794
-0.08670562864263417
-1.4643718143713418
-0.2510384534838584
-0.25756277212795997
0.17347166615747941
0.11784859029363795
-0.4069300170697274
-0.993855722223403
-0.2378195785209033
0.5604084460855571
0.5746345677969062
0.506082241783874
0.746281291066054
1.130334331305618
-0.22462631388978188
0.3445086919321434
-0.32828863406111525
0.3453560411033116
-0.43452925049111435
0.6797179868680173
0.5920143406995362
-0.5257271571360598
0.09491542231040517
0.1876306551741223
0.07323889333344463
0.28116098067240114
-0.30604156614587524
0.6635260088258823
0.9871654800055497
0.18708415237728565
-0.45851326070032494
-0.812023434759732
-0.7423798123945033
-0.6048095774247457
-0.6092106035342323
-0.03718915759616692
0.08805173578607892
0.12095399005431019
-0.045638089839879575
-0.01815926280550048
-0.5096800100652903
0.1568932773754778
0.09026255930880585
-0.20698000392398552
0.3787958456915023
-0.018652533337313093
0.4973531262318162
0.03187346780330452
0.590142522247566
-0.47928593504293615
-0.6354354873949974
-0.057128031461646245
-0.2036914334976757
-0.07548401835292193
-0.2953758561094637
-0.4390739804758571
-0.1643039799505684
0.404808376723644
0.43943148653252745
0.7126833123196943
0.7452937214978419
0.3832959705352541
0.5681415315996514
0.7942815946746526
1.0773272020908575
0.43591156469795844
0.8844915190085026
-0.5063239405217252
0.1503478835056532
-0.5952170175688718
-0.15928294006654542
0.18600046697934572
0.33949160223193764
-0.1922010420811679
-0.6494009887063038
-1.475237073255787
-0.6746947608216315
0.11934114731730631
0.07563249353856091
0.27190380391071395
0.47992662233033767
-0.14145557992564745
-0.22079313038370235
-0.0045406718638216215
0.25107510155362817
0.03448307862512355
0.39764779086749813
0.35807724035263955
1.0780943626125845
1.0336113535763076
1.104930742348587
1.0587152536168074
-0.09453445893165724
-0.19849411291251534
-0.2046277833840559
-0.0010572280777164378
-0.16284504870195526
0.3467716477183346
0.5751414878146135
1.0245432744465854
1.1920495862734162
1.1767532275876738
1.12738806611378
0.6853267440327333
1.1290203912551655
1.1263371906067585
0.9564937760447204
0.642231748481273
0.6409705851074197
0.42956831368481274
0.48370820617207705
0.75038680007359
-0.364666440650182
0.056801664820549505
0.23543533397640107
-0.41713529629518975
-0.3062233695727101
-0.4571871400725027
-0.07726267374945942
-0.5973573940765319
-0.13337889066386094
-0.05172283917941217
0.2957544892750469
0.2622067866907678
-0.08686751390177444
-0.10091590686974372
0.13702531573339233
-0.1673929977034872
-1.227860321198983
-1.475929136274526
-1.0456738852017013
-0.6754098078457812
-0.4200715867186049
-0.25927202683837297
-0.4353144963196547
-0.3971282251500412
-0.4012930320371628
-0.3189551261370895
0.004018225906190748
0.27925372153546824
0.5683804936669073
0.11561434978122458
0.04096348888365646
-0.005119749117187045
-0.1068133623313558
0.07416970465486378
-0.38539644082181435
0.4788922403329609
0.6302633161887132
0.5528695967499611
0.6093989316861156
0.549252237438276
0.35134174081927927
0.5681420726378675
0.4720600758526329
0.6801051854286991
0.767507006209459
0.5353291417069725
0.54493511749262
0.5556712246170203
0.5193887393765703
-0.21954900979254227
-0.31468560531667805
0.07573523376839562
-0.28993427420816115
-0.09287314144240463
-0.07956453561480181
-1.1484628129543062
-1.0493313519401026
-1.48186275717737
-1.6522317808547446
-1.6577680806413968
-2.141849825193358
-1.686314780251808
-0.6367892849635564
0.0007000863059524742
0.26761445225580993
0.4140647724602911
0.25941367000110305
0.36464574774368774
0.5719109436108833
0.6004107355198095
0.5281190812597948
0.4058358128736424
0.40340108987463213
0.03460805267517407
0.165543469780513
-0.27903354307006906
-0.2267403781259943
0.19178826422985662
0.20211520918050457
0.09631920505154888
-0.7380040439948035
-0.38781202539005033
-0.14960401459451145
0.2742517355677263
0.30064781794951256
0.331822008490286
0.43130559061054335
0.32336955067108797
0.2722499830731098
0.4141561001379597
0.3254814891759154
0.07340171478753682
0.026823271569017204
0.19176999141335316
-0.46349044278104967
-0.037550107784287245
-0.29482164018957635
-0.07922166216773979
-0.7409139901937807
-0.49871744077761027
-0.2450664707088357
-0.7060867525771927
-0.28046261218220564
-1.236989991475413
-1.846171717266533
-1.246578667560167
-1.8883517851359404
-1.3962005015657286
-1.699619057607627
-2.6678050999424996
-2.5152975372149498
-2.5085007439155262
-2.8508857282893016
-1.767242948757286
-0.4667371562355074
-0.0661814140663165
-0.9867967216997766
-0.38920841505116033
-1.377086446490682
-1.7275813671353795
-0.8916019453581356
-2.2731167376382007
-1.423111294165039
-0.761910872030822
-0.1512884184288848
-0.6730032453766653
-0.8548697181970787
-0.9101236908784966
-1.4117234753222718
-1.3961109463562669
-0.96720156573794
-0.5512925281237494
-0.9091627162984834
-0.2385176405450573
-0.16158702934857438
-0.23816754353018232
-0.21297125472691397
0.13176114773309378
0.4103820709091558
0.4663325019545717
0.02748951058799641
-0.01997066699530131
-0.12309724542917094
-0.1595638847431764
-0.18139426986405938
-0.06584898235220102
-1.8195449452222745
-2.017671841126259
-0.9984860134381173
-0.1934332554240476
-0.2855003729266647
-0.34440923725835637
0.13563022807017347
0.31820843420023376
0.2577811538469801
0.39548524072856356
0.21118604745629746
-0.7953194435218617
-1.4978803455899543
-0.3361481336225804
-0.20538031832767817
-0.8608497260439788
-0.8466622241561274
-1.1307939583426214
-2.1022666518889976
-2.224932673421567
-1.4435329698912873
-1.2536746146876863
-1.1552381976643342
-1.0827539328274733
-0.5936105672722376
-0.30675193626330716
0.17775473298536945
-0.3169888434224785
-0.4890405108729551
-1.2504465617905676
-0.6564648955569885
-1.0003668989071441
-0.019190640536674908
-0.03674667134437157
-0.7715802635576015
0.0004911329821991606
-1.1141470927315975
-0.20812591983875223
0.21910828806759397
-1.0070780033686906
-0.9517722420217161
-0.574256935442501
-0.12217952789604292
-0.7119178224680667
-1.6887727163564723
-0.9242878094249674
-0.6687879433630194
-0.6442402624491296
-0.6827893808008215
-0.28940029337528705
-1.5934621306377537
-2.136073654780206
-2.6389482156516233
-0.7741797594387978
-0.056652579377538426
0.3176269113723481
0.6654187759696192
-0.06231137168627021
-1.352893951234072
-2.4109175561248612
-2.44619291329595
-2.7636962850064153
-1.474346633667864
-1.37362058397543
-0.9806352862875998
-1.1249693154895826
-0.8518267932141907
-1.6552001483259167
-0.8336308648102893
-1.835705262553321
-1.4436299763782992
-0.15972037235417852
0.07214910401741285
-0.09344338525341545
-0.3379436427807341
0.01516613531021166
-0.7592694160607388
-0.4083006690762502
-0.22855463422065603
-0.6034868368557468
-1.1260884625204783
-1.5101730342981414
-2.1678473527531597
-2.4427961796044415
-2.295846483149101
-2.3391396655380703
-1.8409803584867857
-1.0155458485895332
-0.9892096811368181
-0.5245257875760019
-1.0470682791887054
-0.6434626009667647
-0.0681339470713122
0.1270431342869417
-1.0854835135958045
-1.5218180303709448
-1.9024712034766038
-2.1719274091107232
-1.2178800649604746
-1.5297512601737835
-2.137275613028638
-1.7295818263125193
-2.1383456450782363
-2.3118924550877913
-2.094481335421656
-1.8717062318748177
-1.4217252509069214
-1.7301033896619766
-2.4970493775061353
-2.07486091125693
-1.4174298989171532
-1.1033184737892132
-0.6897454910462751
-0.9138957559918508
-1.811531015894238
-0.39717043349359193
-0.2809332173012108
-0.15250365027137275
0.002235980101979715
-0.1997279490766884
0.07940755782650316
0.3765086577580004
-0.27672365729919723
0.07958294031890434
0.4223605646000722
0.31372771486080275
0.6774716992095563
0.6506511471428946
0.5725924311897774
0.3089635011581091
0.3632886022349513
-0.40794991963823546
-0.16316012391932083
-0.44434584895351426
0.14303011720698822
-0.3787891317408063
-0.10034218646919846
0.22872008047805947
0.2984708776009212
0.16668547157392266
-0.12614495460197583
-0.3340539549351342
-0.893856554290986
-0.48873387466420726
0.1974859052508842
-0.1594063662125242
0.0041784855227170875
-0.21927583277007978
0.17457122121890462
0.3351337521807532
0.38820635735622616
0.27373023235894145
0.4009069258277436
0.4660661699577995
0.4452361204021519
0.18130261141791004
0.36116497905848555
0.408154400639899
0.251483897294034
-0.6535478725346291
-1.3847094521574541
-1.7837402752668836
-0.6623646483088856
-0.7806119377386724
-0.27910150550106233
0.27860329619029767
0.2273706181945394
0.36910013147707704
0.22857738195640148
0.10330126247490493
0.6909912875749556
0.5507457930018772
0.2668473006878078
0.529202991472245
0.35024208055331174
0.377380555577045
0.497869631097007
0.8504395546535154
0.7092591676247743
0.1695539939027206
0.3282732000405775
-0.6391110702299477
-0.000371799355971425
0.25463751398875334
0.43287507996667557
0.23426761000156845
0.34274502042918575
0.12473588743774489
0.13747829948226628
-0.0625160932726497
0.08673107658880419
0.05023247747778238
0.41023123467788764
0.5561588415491201
-0.3107322392340057
0.3053245324416074
-1.3616515264264493
-0.35739351708677164
0.32421395231948835
0.5201516040902847
0.49010467909989675
0.6120108115347039
0.47358488257364534
-0.12430572115383026
0.2475348390039049
0.7979530767992538
0.6944834425454824
0.49907123844795853
-0.2417091138456765
-0.9524617389557812
-2.0832809818073077
-2.3807614609605023
-0.5958585346159899
0.3192171465904822
0.278313432424411
-1.1919719663538546
-2.3460663582087187
-1.745495792919672
-0.5353698649025525
-0.568860905600552
-0.27743310060365434
-0.15620563847730073
-0.5477010130788654
-0.14732206767883127
0.5170337063039162
0.11636116562109923
0.5722990396698262
0.20092115940787253
0.08350500835724364
0.4074620693559155
0.24130407182158137
0.32121798356146125
0.5624663144461979
0.7560283566724254
0.7262530367029922
0.7631520933181326
0.8991716249986078
0.8175280682608799
-0.12112342471988793
-0.004985846695302193
0.08889760259453364
-1.4013915364196996
-1.788272069842418
-2.45503880871039
-2.6355184469264246
-1.0128752176553406
0.29054566833448614
0.5418649793861734
0.6720764557623646
0.6680004270498958
0.6745283558534734
0.506775254685434
0.6178166471049416
0.4072351960194952
0.5498184262605158
0.5278769023587815
0.05325540222880297
-0.14962559063734687
-1.2441741916815379
-1.6307423999384787
-1.968399753792176
-1.8849128858551167
-1.165524206663024
-0.9756510436362611
-0.6756183366953563
-1.89675885185392
-0.992209348793536
0.022519264451587154
0.46421101926098396
0.7425825790440248
0.48363178399605433
0.16068978035108444
0.04106077709890538
-0.05913789494410329
-0.013178124910100453
0.03944092149661406
0.5561759800530167
0.5085756561140322
0.5109838253202417
0.046811311733927885
-0.4814203477102327
0.536612788099933
0.8165500602328466
1.0238362681690871
1.0731982054014813
1.1741242510435446
1.170872718131812
1.2163792031075695
1.1384465564987207
1.3129334220295497
1.289576167333072
1.3765447015485321
1.354776831598262
1.474219727450045
1.3743808608312775
1.302033419932694
1.425301229684438
1.6781714531753331
1.4748046111340811
1.431932137581803
1.4257525192794347
1.6261417069430966
1.0671508089015904
1.6196068292744799
1.5093945089902903
1.3536756153573863
1.4056805078266015
1.40579462004089
1.4221455216980867
1.4448338414680997
1.4718067784638802
1.3988038718565665
1.547406744116444
1.2820663114942126
0.9059420986681234
-0.2939721569377403
-2.0513169548086103
-2.3559508025296654
-2.017548415099622
-2.421519297302044
0.30588592518227004
0.6890606467822915
0.8173682001475134
0.4748484994661104
0.8532809617038235
0.9227681290271199
0.6113096093509522
0.6055199429850185
0.17583282853318166
0.004758989054554005
-0.04516876398598765
-0.041256216400378104
0.2718033119171469
-0.2900861379176606
-0.5990518628526511
-0.06087614511898992
0.6653792785883573
0.8534579079081633
0.3242158951096242
0.5387785035994308
0.44366915132495244
0.8492614257272955
0.9699328453818121
1.0543997787852466
1.2086158463844443
0.5621481763306
0.968664059410618
1.375007767126186
1.2501853082579215
1.102645910181523
0.7103779177683859
0.6636135888589959
0.9411203286188128
0.7550564162146627
0.9590961143569747
1.0098273943407676
1.1216330277935005
1.0937163623862678
1.1355908965935653
1.0977611174422508
0.511152927132596
0.621277867167606
0.988420240121397
-1.5214798969172327
-1.2881979950383788
-1.241521421398924
-0.1155124492177439
-0.8316805984438026
0.25408148534938246
0.5487680680502522
0.3418706477349418
1.0597961726586669
0.8973912736374062
0.9691598647460727
1.2838436795517394
1.2875428104495703
0.9348293019457006
0.5058821903382297
0.5043133462640723
-0.9936054453650676
-1.5948552767707436
-2.2599597237637714
-1.9248590182984335
0.27084075198927327
-2.006882968804581
-1.8267044005796087
-0.7874470181503704
-0.4409924158219346
-1.7754541940152124
-2.6731103162794603
-1.8974177754257884
-0.8110580812011818
-0.48121430166771595
0.166552080092288
0.18133555818130132
-0.1457758268730741
-0.45838054262149097
-0.6116325944798471
-0.014247119578090939
0.49359455005581343
0.9001483462049131
0.9686638266964631
0.9935358297947564
1.0766513116654672
0.9192273516625372
1.0897576796716448
0.32144588890716375
0.4270517589542154
-0.3490747089155062
0.44634032160154213
0.5666439576748301
0.3011056625594144
0.5445929720651105
1.0068594977242098
0.7963814232306892
0.3013850284142535
1.110884853015674
0.823938562531522
0.8235751046390315
0.09957038234861061
0.25878939091275666
0.18479707893165745
0.19308273036346624
0.1955011700363422
-1.2915221937781256
-0.9933246768723594
-2.0422973563203612
-2.1070878481620605
-1.1733115301527797
-0.7329405918294147
-0.5236344496442364
-2.154722345005324
-0.6804608387408635
-1.1327432820562549
-2.233603713322752
-0.318182203029587
0.11929442381930684
-0.22104304562581784
-0.08526594264506993
-0.8464932595350216
-0.8422359037015561
0.1507050391765846
-0.8802889581959519
-1.2647424105196001
-1.8697530266599038
-1.3993750973208736
-1.7463232402558027
-0.3702352632772771
-2.391581510584706
-0.7805055637086157
-1.7444273921450921
-1.5195937360345515
0.12766000675428388
1.3295998350172644
1.4224667884157987
1.3806717431313908
1.0701367618889623
0.6819143268228646
-0.25117339298102553
-1.1893962973363588
-0.6100193254548225
0.3059650129450606
0.7390317898076215
0.9150915601073069
-1.5243798518462375
-0.22642544534622672
0.5043808293983948
0.6918124071953173
1.0379228741144688
0.918700050710898
1.0828936579373587
1.0969867208603559
0.7900689066904701
1.10021154221016
0.8707976951051487
0.743328653030251
0.7192490541045753
0.8877785399486309
-0.8181744985339564
-0.27123689373831833
0.40658424941103477
0.9437022576048336
0.27095446052674654
-0.6512753659250408
-2.406142396741748
-0.8201046411151371
0.21768317946829369
-0.5130037854157508
0.8738561687329084
1.0314803340104692
0.7375563776819003
0.11178640323076211
0.16167459850866456
0.09652671017935659
-0.6012366510617384
0.30796278232907437
0.5920073261452035
0.7759687176003696
0.2879278524305534
0.4311744005937335
0.7283932094077453
0.6569289731325813
0.3601796784878829
-1.0927880499903844
-0.48966076330916053
-1.3872954210023938
-2.4829411542993785
-2.517799955204846
-1.1000671761122307
-2.412086388655257
-0.5058961790916612
0.5061461388270273
0.8519809700077083
0.6871072706788793
0.45530139807437114
0.7613912200957125
-0.1262128079987549
0.6462603725377813
0.6728165968515637
0.43406914397768875
-1.0762494511083995
-0.3878072484036724
0.051831555742973656
-0.026740667741288693
-2.3924120353123346
-0.5088950735820497
-1.4224688471390068
-0.21805271770289625
0.6002414947877739
1.2350934385923256
1.1423243525531033
0.6924284531128938
-1.3703511979196863
-0.5721213562272089
0.5564694926518767
0.03829699175275403
-2.0309549256706037
-0.20764361795884734
-0.2677174537812789
-1.0405495879533806
0.2383648264830842
0.557818045576328
-1.8983078281784773
-1.7589043140290805
-2.6297315058081403
-1.9560042277451881
-0.5413575832931035
-0.796708767939579
-0.49579190268325846
-0.2587654105891162
-0.3757595382314157
-0.36441605253093606
-0.36297172848645076
-0.0329550189404442
-0.5721694830342525
0.353600167989595
0.15125295800409136
0.42299522978823445
0.37038020022891543
0.11955539879438697
-0.41800520489752535
0.025052627595201424
-0.5474060698106135
-1.3870382746922778
-0.17710974485281944
-0.539576315114658
-0.6026210624383442
-0.17216189823205286
-0.6989563070480534
-0.4711051319415259
0.05800678544092304
0.7166364790648097
0.7705566168380942
0.7616620785428546
0.6589484670168195
0.8438944758850178
0.05124143131076324
-0.09237340634536848
-0.1327636313699957
-0.28042116706316483
-0.2565690939488986
0.1728770602502053
0.2826396922275578
0.1996875476631231
-0.5408093504440029
-0.327879040640542
-1.4086184072384824
-2.552923693057492
-2.282349079273515
-2.5008517847851923
-2.460352355836926
