0.38183046626984135
0.23537042857142862
-0.06129988690476191
0.2058479166666668
0.3233809801587302
0.20509038095238097
-0.13463435714285713
0.07462445833333335
-0.011202376984126981
0.20315249404761904
-0.6212554541847044
-0.8094069285714288
-0.3643560793650793
0.17098453571428568
-0.2682076138167388
0.14322826785714277
0.3907154999999998
0.4079972083333332
0.27841005952380926
0.5147005
0.5558431349206344
0.42223188095238073
0.5996981655844151
0.707331883838384
0.7107941845238092
0.6551764464285711
0.8082910912698417
0.41754558928571406
0.3639120892857142
0.3262156666666668
0.15169305357142857
0.4315371785714286
0.4510775892857145
0.5355228214285712
0.5106412936507934
0.352463123015873
0.5841884880952382
0.3664304781746031
0.401530724206349
0.4533623273809524
0.4943817956349204
0.7629271408730159
0.6048772440476188
0.32675132738095214
0.3310963472222222
-0.0248979136002886
0.36500467857142843
0.4343815416666667
0.45931166071428575
0.3556408988095236
0.2023728869047619
0.15567724603174599
-0.19303965981240975
0.3486100972222221
0.06835589393939392
0.3230973571428572
0.2653878925518926
0.07513636507936511
0.5681145376984128
0.6391924603174604
0.5997936269841271
0.0038367916666666607
-0.032419807539682544
0.022441549603174616
0.23599009325396839
-0.1889218968253968
-0.1597192341269842
-0.31284624981962494
-0.506301702380952
-0.4635985535714288
-0.09353788492063492
-0.38246412500000004
-0.09192890476190475
-0.14632530140692637
0.4397117936507939
-0.20226213474025975
0.1186770992063492
0.49118113293650767
0.6129926547619047
0.4882089900793649
0.5878392142857143
0.7156133273809523
0.6385775416666665
0.3452487072510822
0.7017082579365079
0.8492589226190468
0.9828939940476187
0.9297762619047617
0.8601155079365079
0.9686404305555552
0.9837345595238096
0.8109280952380951
0.6836320456349207
0.8050942579365084
-0.017504896825396833
0.2719335853174603
0.4425528809523811
0.5005236468253971
0.5305730198412697
0.5115724464285714
0.7064805059523804
0.7213888750000002
0.8014086250000002
0.5146035873015873
0.6337650892857143
0.7173890634920634
0.9099098214285712
0.9320603194444445
0.9803272539682538
0.85603826984127
0.8057682321428571
0.7883464603174601
0.960615845238095
-0.24434357251082242
-0.49517595436507933
-0.3487782222222224
-0.4113089246031745
-0.3080644662698412
-0.14100293055555552
0.15576063023088021
0.2965108722943722
-0.029551992604617622
-0.2980023948412698
0.27886855952380946
0.1703504702380952
0.20534632738095232
0.3922765833333333
0.529973091269841
0.7253940634920635
0.4770567797619051
0.9031543571428569
1.0600202857142862
1.0360883353174606
1.0207981120129865
1.0181580048701295
1.1376297559523816
0.8289139155844155
0.7357296190476188
1.1199509464285715
0.7344409433621931
0.8831465317460316
-0.9152442142857146
-1.1893992559523807
0.3926888353174602
0.6689893769841269
-1.172528285714286
0.5129289226190472
0.3090345535714286
0.6345019880952382
-2.3894878988095254
-2.402149563492063
-1.3491419285714283
-1.132235482142857
-1.8056504761904768
-1.6634207797619047
-2.3809248154761917
-2.109003293650792
-1.5911465048701299
-1.5867506130952378
-2.253062055555554
-2.746827206349208
-1.7648462023809528
-0.7293271428571431
-0.1397723798701299
-0.15791893650793656
0.18080004761904764
0.504370259920635
0.49181725396825415
0.7634424107142854
0.7762255555555558
0.9667297976190471
0.7028779067460316
0.5135060714285712
1.0721712599206348
1.1506104166666673
0.8921909269480515
0.8664235892857144
1.0867490039682544
0.5465676964285714
0.9826752916666658
0.6790136567460321
1.0152855714285716
1.0389559642857145
-0.04013169642857143
0.6130237341269839
0.6870164424603176
0.825637642857143
0.056611248015873014
0.6414924047619044
0.48848322023809504
0.599853
0.8217284444444448
0.6832765833333331
0.44107975595238086
0.5343613650793649
0.25523342857142856
0.010998222222222229
0.2772512261904764
-0.7835548095238094
0.12403418650793654
-0.28583196428571417
0.1919668246753246
0.27081034523809516
-0.44775129563492044
-0.5149537083333333
-0.09848401587301586
-0.3735122559523811
-0.1576803670634921
-0.4370361626984126
-0.945720964285714
-2.1828042519841278
-1.150205529761905
-0.2948390357142857
0.16908303409090894
-0.16633627380952376
0.19731252380952383
0.2681356726190475
0.246104011904762
0.34689267261904744
0.31416013690476186
0.5896083531746031
0.8139951507936503
-0.2343107261904762
-2.5416100714285723
-0.6365027956349204
0.6367752202380952
0.23629383333333348
0.7144165476190474
0.350824755952381
0.05003685714285714
-0.10410342063492063
-1.1467121746031745
-2.140301500000001
-1.578125255952381
-0.8418079404761909
-0.8041601726190478
-0.8756853630952383
0.014295923881673884
0.1221128068181818
0.10821699404761899
0.34208417063492086
0.34246299999999996
-0.6225843253968254
-2.039413003968255
-2.0822462043650796
-1.013353041666667
-0.8415290396825393
-0.4482826369047621
-0.6883512245670996
-0.287663384920635
0.31920025108225103
0.6204824682539681
0.020867928571428544
0.2205235257936508
-0.9464887142857136
-0.11601470725108234
0.11528014682539682
0.49846222619047653
-0.4926747876984133
0.14271124999999998
0.29917661904761905
0.4387940972222222
0.7492002857142857
0.14384677777777774
-0.15184413888888892
0.9469377837301587
1.1066589404761904
0.5066099821428572
0.45586601388888875
-0.05165367460317461
0.41257269841269834
-0.05588489285714287
0.16397817261904765
0.01641128174603176
-0.3212854146825398
-0.4928728892496391
0.05952591666666666
-0.5224298373015875
-0.7729093336940835
-0.9008250638528136
-0.4233495714285715
-0.8069416055194801
-0.7426453594877342
-0.9092561888528133
-0.6326431670274172
-0.953905380952381
-0.6072359424603179
-0.2662266388888889
0.12438703499278506
-1.2575639166666666
-0.5187209226190477
-0.5755498019480525
0.1381154662698413
0.5062529583333331
0.11134818253968248
0.35044931547619046
0.4026632301587299
0.6876081845238095
0.8164499583333336
0.8283177777777775
0.3364490416666665
0.672765638888889
0.1772163948412699
-0.7125024742063492
-1.4841397142857138
-2.2528124464285737
-1.2784298511904768
-2.517235928571429
-0.5206983511904764
-2.773500251984128
-1.719040988095238
-0.5990790476190478
-0.6218103749999998
-0.3269650932539681
0.2821644924242424
0.2978414107142855
0.39407641071428573
0.541580253968254
0.5581556250000002
0.4060362332251085
0.1400185654761904
0.3369093353174603
0.5967461746031748
0.661766111111111
0.9453011130952378
0.29009743253968245
-2.3334737281746034
-0.6196703571428571
-0.09435776190476196
-2.4668043055555566
-0.31834681547619037
0.040125307539682534
0.07720052380952379
-0.007925627886002852
-0.21554803860028862
-0.3398379345238092
0.06729626785714288
0.2825741646825396
0.43855145634920634
0.22236516269841264
0.26902041865079357
0.20848637301587294
0.5829588253968255
0.826822672979798
0.4034524265873015
0.732094299603175
0.8565819226190473
0.3954101825396825
0.5631037023809524
0.3896843273809523
0.2590893908730156
-0.11022148412698407
0.27902814285714284
0.6417629206349205
-0.7581158706709954
-0.39034747023809524
0.14562366666666668
-0.5098572261904764
-0.22680280952380966
0.8126934821428567
0.8754933571428571
-0.4564947083333333
0.15898871230158731
0.5199657023809523
0.290512367063492
0.7496730853174606
0.6809195496031742
0.36035957738095237
0.007881208333333329
0.7153251210317457
1.5032284087301582
0.2518551507936508
0.49082152579365096
0.7819051111111109
0.7740738492063494
0.9056836250000004
0.7652334523809526
1.0663154583333327
0.8103729166666667
0.195757863095238
-0.3003621468253969
0.3328455615079364
0.5670280238095237
0.6927110297619044
0.7605178134920635
0.266749619047619
0.6638377222222218
0.9640067599206351
0.7187967063492063
0.7813287698412702
0.8182501686507936
0.33955344841269836
0.5128577559523809
0.43323665079365076
0.6931135416666667
-0.32929465873015845
0.29665789285714284
0.6393649186507936
0.6415149226190477
0.4091011785714284
0.10869041071428569
-0.758703523809524
-0.27360449999999975
0.3170392261904761
0.5618967456709957
-0.2322642460317458
0.02607141269841272
-0.1042920595238095
-0.2631609325396825
-1.8242377519841277
-1.5216260178571435
-0.631392369047619
-0.11162615476190474
0.2872080476190476
0.04689589880952381
-0.5391445496031748
-0.4418354107142858
-0.13653549314574315
-0.32427518849206316
-1.9399444642857149
-0.5285638531746032
0.11351648809523804
0.06238579094516594
-1.3831229843073587
-1.3368716349206347
-1.4366854880952378
-1.030070420634921
-0.7691682341269842
-0.866826071428571
-1.5172515813492067
-1.9699553849206375
-2.3353902519841268
-1.9354977876984139
-0.8000102380952379
-0.3488579047619047
-0.1502028869047619
-0.29757753968253964
-0.368591498015873
-0.8820571269841266
-0.601460743867244
0.005177230339105335
-0.641117478174604
-0.6057707222222224
-0.20254678373015886
0.15798769047619055
0.5751212656926409
0.32542126190476195
-0.6347600912698413
-0.044087186507936485
0.3813873650793649
0.5778392857142856
0.7893970898268395
0.9699634880952387
0.7227461488095236
0.9330429107142862
0.876407091991342
0.49566577380952365
0.6415628203463206
0.3820527976190474
0.24661026587301574
-1.296348072871573
-2.0529316369047628
-1.1750367579365082
-1.1807966488095234
-1.7936371785714287
-0.9726598869047615
-0.3409006309523809
-0.8132684325396826
-0.646562454365079
-0.592954751984127
-0.637619273809524
-2.255927716269842
-1.436770279761905
-0.7079593888888893
-0.2576263639971138
-0.3177234572510823
-1.4411589761904755
-1.3031579603174603
-1.149479623015873
-1.931746944264068
-2.050241613095237
-1.3892007380952378
-2.152746267676767
-2.5361656726190493
-1.358158736291487
0.0816538630952381
0.296419244047619
0.06157973015873019
-0.25747136399711396
0.40453652976190474
-0.22772767460317453
0.11816102579365081
0.5317276587301589
0.4692895376984126
0.3517747559523808
0.737273726190476
0.33022814880952384
0.5511365762987015
0.48641339772727277
0.4502511825396823
0.6823611726190477
0.21979098412698422
-1.773108845238095
-0.7698907956349202
-0.48508576785714264
0.06981572817460317
0.08359387698412694
-1.1954105039682539
-0.6242122202380954
0.32922426785714287
-0.07444488095238096
0.5547603849206346
0.6502482619047616
-0.3096281646825397
0.49906314285714265
0.6662751369047619
0.8666481417748916
0.9771565119047618
1.121421625
0.9135081884920632
0.8323465
0.8486738492063491
0.3935154285714288
-0.3880443035714285
-1.951920481601732
-1.130377880952382
0.28797154166666666
0.614148579365079
-2.0126001746031745
-0.9196061544011542
-0.5851981468253967
0.06765117261904761
0.46456078968253967
0.45216850595238106
-1.8653488115079377
-2.427121779761906
-0.6729256825396825
-1.8966511746031751
-1.1351530496031748
-1.9425330317460328
-2.6490862718253965
-0.9885228214285716
-0.7176373511904757
-0.9819030544733047
-0.3231842678571428
0.4021461607142855
0.3991121309523809
-0.15635491865079357
0.3460320952380951
0.45358682341269846
-1.5507136502525267
-0.5766068234126985
-0.18341529365079368
-0.4061673282828285
-0.6478672380952379
-2.2917854583333335
-2.6658780813492076
-2.018675680555557
-1.1490787876984117
-0.8832461785714278
-0.3609346746031747
-0.4906114603174602
-2.3518504365079367
-1.5316468409090904
-0.28417717261904757
-0.12200987662337665
0.1347519285714286
0.259373742063492
-0.1902375833333333
-1.0735938511904763
-0.9306822316017314
0.2934599107142858
0.42126512499999996
0.22772582341269829
0.357809226190476
-0.3327391884920634
0.1861717182539682
-0.0020188928571428554
0.022277567821067826
-0.08673369047619044
-0.5854043531746034
-1.6705378033910525
-2.1008028630952382
-2.552864767857144
-2.5191746250000007
-1.2313392579365074
-0.7779572083333335
-1.6594462083333332
-1.9822537003968244
-1.3313120892857149
-1.9886671111111107
-2.295692267857143
-1.7955189166666665
-2.0999321746031723
-1.600267073412698
-0.1446897896825397
-1.081284829365079
-0.35711295039682567
-0.15840852976190486
-0.9124892936507935
0.3209481984126982
-0.06843283134920625
0.5045984404761906
0.7816459166666673
0.8413929900793649
0.3606780873015873
0.06030306150793651
-1.2552238988095237
-0.38204981547619077
0.09970421230158732
0.32380110119047606
0.1980561488095237
-0.4964704583333334
-0.9108819107142857
-1.9982612559523814
-0.9991799107142856
-1.1301695773809517
-1.1354740654761906
-1.1051117916666673
-1.5703490674603175
-2.3014002043650787
-2.6707734821428586
-1.4636641556637797
-0.8264082123015868
-0.8115421726190475
-1.7787095555555568
-1.2387414186507937
-2.03443393452381
-1.6722871051587298
-1.9308367222222234
-0.980270575396825
-1.081989057539682
-1.3330031051587299
-1.292225617063492
-1.7129474742063502
-0.5463014702380954
0.0992530119047619
0.4293292003968254
0.4803281825396825
0.374493148809524
0.40402342857142864
0.3872932857142859
0.29620679166666664
0.4203900873015873
-0.6704831031746034
-2.6603984523809534
-1.4505636369047614
-0.6742168571428572
-1.0769656488095238
-0.9635329404761908
-0.9039737202380951
-0.4945462896825397
-1.0217602857142851
-1.0174178809523806
-1.1182661397907638
-1.799247321248196
-2.609409101190476
-2.409118482142857
-1.9055244424603182
-0.8521497837301593
-0.4954148015873016
0.127006123015873
-0.18883166468253976
0.14678686904761906
0.33152409126984117
-0.4973196011904763
0.007025059523809532
-0.2017381666666666
0.45684990079365084
0.0963084623015873
0.603507
-0.06124802579365082
0.5206372301587299
0.6322722698412696
0.001978095238095218
0.350601988095238
0.4616959107142855
0.5534115595238094
-0.5140150818903316
-0.04593971031746033
0.27858545761183257
0.4025553214285712
0.5256761944444445
0.5312912777777781
0.27121461147186143
-0.16840384279609275
-0.46679943452380973
-0.4769812321428573
-0.3364903452380952
-0.23020492857142855
0.37407031746031727
0.5172800892857142
-0.3209166388888887
-0.5521226785714284
-2.0766927440476186
-0.2378173095238095
-0.45663716071428573
0.09541692261904759
0.18181472348484853
0.014578896825396809
-0.6183077896825397
-0.7577000238095236
-0.7201671805555554
-0.271954119047619
-0.4067443333333333
0.014787204365079364
0.2257231944444444
0.44846466071428603
0.42978750595238124
0.38871844047619036
0.49139578373015885
0.2832882857142857
0.3478225654761903
0.07644520238095238
0.3425953095238094
0.3259732539682539
0.3845058869047617
0.2339661130952381
-0.178756356962482
0.28075800396825396
0.41836724999999975
0.30891491437728935
0.2227392936507936
0.12176897023809519
0.4308556865079365
-0.09687016468253973
0.13096860714285719
0.3230777956349208
0.22272148809523803
-0.9445595416666667
-0.291484333333333
-0.3891457876984126
0.0715924761904762
0.00451480357142857
-0.06936127380952382
0.14114712500000007
0.07159648809523805
-0.12207583531746023
-0.4087281845238097
-0.577547948232323
-0.30279593253968246
-1.1582294285714283
-0.13687533730158744
0.4069823571428573
0.415297025793651
-0.39638053571428583
-0.5286884340659342
-1.054708660714286
-0.5241620297619046
-0.07134437103174603
0.2157690416666666
-0.10880487698412691
0.25183973214285715
-0.4448027142857141
-2.5194349186507963
-1.7891639516594515
-0.7280637480158729
0.12198214682539685
0.13392773412698408
0.4705623690476187
0.16574389880952375
-0.08046761309523809
-0.15767329563492075
0.14418362427849923
0.22758943650793637
0.2139462996031746
-0.5656504285714289
-1.2433946765873016
-0.3305290456349207
-0.31852006547619033
0.15684225
0.004763523809523811
-0.3119933988095238
-0.12660691071428573
-0.1380295952380952
-2.230195198412699
-2.3937769722222213
-1.5908804404761903
-0.30896942261904753
-0.06936851785714289
-0.28849104166666684
0.40134122943722916
0.5259676785714285
0.5234650198412695
0.23975241666666644
-0.4482475257936511
-0.5734789603174602
-0.27990140873015895
-0.8303545714285715
-2.2958797698412696
-1.274193214285714
-1.1747808888888884
-1.1686185496031738
-1.567106523809523
-2.395914964285715
-1.957506779761903
-2.277791160714285
-2.4566046726190485
-1.3142142539682544
-0.4731878571428574
0.08741722222222219
0.22074294047619053
0.33483976785714276
0.27151536309523805
0.21226572023809517
-0.6999157281746028
-0.8106810972222221
-0.1769091388888889
-0.13467712499999995
-0.4743900773809524
-1.5286222738095236
-1.2451421964285712
-0.2766625138888889
0.24717138293650792
0.46043838095238093
0.5522251230158728
0.41522307539682546
0.6652018928571434
0.7353193392857148
0.9397842142857142
0.7745802602813852
0.47943583423520897
0.7446939464285713
0.7333281825396825
0.8324069745670996
0.016849482142857152
0.45184687500000004
0.5978490833333334
0.5696336230158728
0.5033729345238096
0.46997446428571443
0.333925017857143
0.5492188373015872
0.4853549742063491
0.31096940445665444
0.526390626984127
-0.05023480952380952
0.32838960119047633
0.35770102976190493
-0.002050198412698411
0.4295856309523811
0.6031159087301585
0.5599364801587304
0.061540940476190506
-0.2710702321428573
-0.05664812103174602
-0.6678426309523811
-2.112692642676768
-2.46985067857143
-1.3257180218253963
-1.2438899226190474
-2.239003511904762
-2.549795827380953
-0.9078803214285712
-0.05376521825396824
-0.14484727182539678
0.24564110714285725
0.3094863869047621
0.3244306805555556
0.3506107678571429
-0.952913861111111
-0.8317849087301589
-0.1343324662698413
-0.1402719146825397
-0.2273144761904763
-0.002988841269841268
-0.5431874484126986
-0.008732799603174614
0.08717277182539686
-0.8013287678571427
-2.0973935595238093
-1.0695941587301592
0.28558125793650807
0.18932204761904747
0.27862167063492055
0.4186844424603173
0.6412781507936507
0.3343763829365078
-1.3069872218614713
-0.5579427857142855
-0.08530667658730165
-1.3942789603174603
-0.3272771210317459
0.25519119444444444
0.013489083333333332
0.35820915007215015
0.26676879365079365
0.3142466646825396
0.4549466071428568
0.35192575
0.34409474999999995
-0.001990771825396829
0.4218405476190473
0.12425947023809522
0.26274302380952386
-0.1539483928571428
0.2460369265873016
0.28224650000000007
-1.5151713394660897
-2.4979525416666672
-2.5228360714285722
-0.9108211507936508
-1.373083364538239
-0.18030362103174602
-0.23641695436507945
0.21322253571428573
0.15753346428571427
0.26553938095238105
-0.004045025793650784
0.22936899404761907
0.20642914087301595
0.2101760773809523
-0.945760361111111
-0.3874127261904759
-0.40506107124819624
-1.180959196428571
-2.299513025793651
-0.994128038600289
-0.13902140079365086
-0.7571643630952376
-0.5028008630952379
-1.7586805555555562
-2.3873194126984125
-1.4863569722222223
-0.4345655337301587
-0.3865890357142858
-0.1805210178571429
-0.46744794597069583
-0.38539704761904775
-0.22728351785714293
-0.019668375000000005
0.06815871428571432
0.07965571626984125
-1.2191961428571423
-0.4116205099206349
0.13525436111111117
0.15525745436507932
0.2999424841269842
-0.17784292857142853
-0.4034352738095239
-0.5411304642857144
-0.7434058511904758
-0.6913703452380952
-0.3307331190476192
-0.317531882936508
-0.5914018154761906
-0.051640005952380975
-0.05668661309523809
0.37700686634199115
0.7306338750000004
0.7175774722222223
0.8007006071428571
0.7016483253968256
0.7770052023809528
0.5103273551587301
0.20500557936507932
0.21581970238095236
0.1865012261904762
-0.40965893849206353
0.28586406746031734
0.24283139880952379
0.34079971626984135
0.48125117460317457
0.6696813273809522
-1.308779769480519
-1.6154325000000003
-0.027572787698412708
-1.2099478567821071
-1.3760895723304472
-0.5032181706349202
-0.8481049166666663
-0.6316509603174602
-0.1890360634920636
-0.10640536309523813
-0.24811624404761917
-0.5230692619047617
-0.863233714285714
-0.4479513849206353
-1.5017463133116877
-2.3876426845238106
-1.6477268412698416
-0.18648254761904767
0.3001217483766233
0.2777630449134199
0.36098118650793654
0.4032592849927847
0.5593132370129874
0.5076645465367966
-0.11492111111111109
-1.1985978988095232
-0.04534855952380952
0.47169657738095255
0.35121365909090907
0.2517022857142856
-0.679701023809524
-0.2058066206709958
-0.22612570616883113
0.1924771428571429
0.4867770734126984
0.22216869841269837
0.515435732142857
0.3478300257936508
0.27291552777777783
-0.2040247222222221
-0.4835954365079365
-0.5052941904761906
-0.5854807023809524
-0.09617703571428564
0.03797047817460315
0.45863212103174594
0.12824075000000007
0.526651978174603
0.7021341190476188
1.0238283333333327
0.7150759146825402
0.9910051249999994
1.0336607023809525
-0.3918796884920638
0.5712269047619047
0.5652288452380954
0.638176952380952
0.20854301587301585
0.1782416547619049
0.3733011309523811
0.16939015873015872
-0.17095244841269838
-0.27928426190476185
-0.0025781666666666596
-2.5767651924603197
-1.8437710734126984
-0.3805540178571431
-0.3456161289682536
0.25821898412698424
0.41491337824675306
0.48201408928571415
-0.9167144067460317
-2.3319121250000006
-0.8498089146825394
-1.335338517857142
-1.5777294597763338
-0.47324839682539666
0.17817569642857137
0.46844837500000003
0.27684720238095245
0.1438629107142857
-0.6044110005411257
-0.09929845238095235
0.27307996428571446
0.20860312824675326
0.21947732142857132
0.5203651071428569
0.6478685436507942
0.2541385952380953
-0.26435026190476185
0.08256075793650795
-1.0715268392857145
0.05168891071428574
0.2976597916666669
-0.2860572499999999
-0.595542967893218
0.3137646488095238
0.3155492341269844
0.2782531388888888
-0.630195882936508
-1.052428077380952
0.4762284940476186
0.5911325079365075
-0.48065800396825414
-0.6433808492063493
0.11914239285714283
0.46052741071428566
0.6388294226190476
0.4136164226190476
-0.6929056047979798
-0.2559570535714284
-0.050477738095238076
-0.23224116865079367
-1.6245679067460321
-0.34195115873015874
-0.33929672817460316
0.34596999909812387
0.07618005158730161
-0.5338009107142856
-0.9123990297619043
-0.46008964880952385
0.44040571428571446
0.4183638789682542
0.380708267857143
0.7879939702380951
1.0762059990981245
-0.3363177380952381
0.40148113690476206
-0.48964028571428614
0.207787630952381
-0.3757117579365083
0.7115830734126984
0.4226905257936508
-0.558089416666667
0.2614239226190477
0.22097635714285724
0.05894675396825397
0.36804893452380955
-0.24305744047619046
0.7846656428571428
1.05468451984127
-0.12007139682539682
-0.44292540674603165
-0.8938475912698407
-0.9843159563492067
-0.7700031105699854
-0.7423697380952378
-0.00802482539682542
0.09654789285714287
0.354677391955267
0.4062769980158727
0.058208791666666704
-0.33815805357142864
0.41156350992063495
0.3375993333333334
-0.055656615079365104
0.4302658246753249
-0.038293918650793665
0.5894989126984124
0.1089609702380952
0.595743013888889
-0.2960605773809522
-0.4536398075396824
0.2365906527777776
0.22753676785714266
0.26006289989177483
-0.21541198015873023
-0.4580391230158728
-0.03675666865079364
0.21303255555555553
0.3652073134920632
0.7368697261904762
0.5986622658730157
0.3554913452380952
0.7024207460317458
0.7097470337301581
0.9645827142857141
0.5223567996031746
0.5721471094877344
-0.9960994880952377
0.07718713690476191
-0.6962195833333332
-0.14207154960317467
0.32769777110389614
0.4866066011904763
-0.13336962500000002
-0.6339773750000001
-1.2245452619047619
-0.6009415992063494
0.08249684920634921
0.005413273809523816
0.2058040535714287
0.242200744047619
-0.12626408134920644
-0.13683561309523815
0.026139017857142854
0.21098236904761908
-0.30767277976190455
0.4056810555555556
0.2647942774725275
1.0128374226190475
0.9814910158730161
0.9756583670634921
0.9400464393939396
-0.13234603174603168
-0.26012317460317474
-0.15988853571428574
-0.030310450396825436
-0.1398794920634921
0.47086004365079354
0.5584152400793646
0.9407023373015878
1.0210090158730154
1.0774410277777777
1.016081113095238
0.48162176190476225
0.8321761408730163
0.7774103035714287
0.5855436448412698
0.3328780734126982
0.4096724940476191
0.164865744047619
0.23325067965367957
0.4519174940476193
-0.6216409305555554
-0.1572744642857142
0.26261470238095247
-0.4822315198412697
-0.3768291477272727
-0.44552290873015865
-0.27264888888888883
-0.832302896825397
-0.24842220923520916
0.002304604256854262
0.20572159722222227
0.07490748809523808
-0.1616175515873015
-0.191949744047619
0.12351537698412697
-0.3979543728354977
-1.3104910438311694
-1.701038319444445
-1.0573411706349207
-0.8132350317460317
-0.45862034523809536
-0.35034447510822503
-0.4524016120129871
-0.45009389682539674
-0.5348364444444443
-0.3855213095238094
0.007458317460317462
0.08479935714285715
0.24740811309523805
-0.055356206349206405
0.005251039682539672
0.01553273015873017
-0.36084967017704506
-0.2184432718253968
-0.6352350773809522
0.35093112139249627
0.42608657509157505
0.38704941071428584
0.5778724841269841
0.4820417142857141
0.16484985119047618
0.44911755952380966
0.42931024999999984
0.6685274940476191
0.7970528948412701
0.4808477202380951
0.558519130952381
0.5402593333333332
0.2539973948412699
-0.3562403253968253
-0.32886024999999997
0.0617996388888889
-0.32358917460317466
-0.21424013095238092
-0.06864112896825399
-1.2954125378787875
-1.2303150297619052
-1.928836351190475
-2.125196672619046
-2.0838518690476184
-2.3820088214285726
-1.9182354404761899
-0.6864192063492064
0.12457640674603164
0.21249933627483625
0.40492370833333347
0.3363947857142854
0.3391151964285713
0.5688790654761906
0.6764211150793648
0.33355715963203436
0.2580918313492063
0.21969144246031738
0.20725674206349198
0.39681396626984133
-0.21945164880952372
-0.09052481150793654
0.42764655357142856
0.2972137559523807
0.1919307083333333
-0.5466419107142855
-0.11410753373015871
0.05118579365079361
0.4649940277777778
0.43790851984126966
0.5800800396825396
0.6370707658730157
0.482035357142857
0.4796483154761906
0.5779924880952376
0.4856591626984125
0.15913718452380962
-0.11625805357142857
0.10747078571428562
-0.5416136746031747
-0.13049619642857144
-0.41643676984126976
-0.16179140764790761
-0.8003830138888881
-0.3914340099206351
-0.5131108937590189
-0.7928683134920635
-0.5226104523809522
-1.1783702182539686
-1.880217265873017
-1.3721069900793652
-1.9363568035714283
-1.5308186349206354
-1.4373765416666668
-2.5134103928571436
-2.5254738452380963
-2.5259989880952385
-2.6605582202380957
-1.73209413095238
-0.7871001865079367
-0.056641573412698404
-1.505765676587301
-0.6603353769841276
-1.562737198412699
-1.6749891289682535
-0.6142266309523808
-2.0114846944444444
-1.236788793650794
-0.6221656746031744
0.018736996031746046
-0.32301456637806636
-0.6232609940476194
-0.5095578253968254
-1.1480041964285708
-1.1290106726190468
-0.9561911130952377
-0.7344380257936508
-0.8679714742063485
-0.4872982321428572
-0.1889167380952381
-0.18643054058441552
-0.2766315912698411
0.11193787500000002
0.24050158928571436
0.26940380357142857
-0.050462684523809524
-0.0938164583333334
-0.21621091666666648
-0.1989286865079364
-0.002751479076479076
-0.10892467532467533
-1.8011316190476188
-1.904815327380952
-0.9737688948412697
-0.3653739433621934
-0.5780712202380954
-0.5362584523809526
0.1933824087301588
0.1219844642857143
0.22932848809523818
0.35893710714285737
0.23353229166666664
-0.756331738095238
-1.3724610753968247
-0.5142707857142857
-0.00028237499999999194
-0.8833698928571425
-0.811815714285714
-1.197497099206349
-1.922070900793651
-1.994425089285715
-1.0768773928571431
-1.176241404761905
-1.1542670714285714
-0.9123500238095233
-0.6599973035714286
-0.3624350813492061
0.2101236904761904
-0.4755727460317462
-0.6501268115079369
-1.123159603174603
-0.7803527559523805
-0.953867615079365
-0.07062392261904767
-0.2523226673881672
-0.7188330119047616
0.052463175865800876
-1.1218020833333338
-0.38546315476190474
0.35865395833333324
-0.950620601190476
-0.8175889781746025
-0.6726703392857144
-0.3828178928571426
-0.674484095238095
-1.643158797619048
-0.8713183690476193
-0.7322388571428572
-0.7660008333333334
-0.8373033095238093
-0.5890562321428569
-1.5217273690476185
-1.8498404583333339
-2.6112349603174607
-0.7686344821428572
-0.2446112548701299
0.20853856872294368
0.5109824821428571
-0.03018264285714285
-1.31817246031746
-2.1662486316738834
-2.2857592956349198
-2.6930304345238096
-1.7560502460317458
-1.5571184484126985
-1.3616646845238092
-1.544693638888889
-1.0971004702380946
-1.7147986269841267
-1.103294523809523
-1.8345909702380943
-1.7049692202380944
-0.46673331746031776
0.0828608511904762
-0.2521034464285714
-0.3396439682539682
0.06218714285714288
-0.6862295178571429
-0.29502056150793665
-0.30049541269841273
-0.5736504821428567
-0.9815336626984122
-1.2083821428571426
-2.402016244047619
-2.106313815476191
-2.288334343253968
-2.3765058333333333
-1.8507402440476195
-0.9700597400793646
-0.9548390476190471
-0.6750591626984124
-1.0078482083333329
-0.7997475595238087
-0.2643148988095237
-0.13789694336219335
-1.1526884007936504
-1.2949652222222214
-1.708248552489177
-2.108376619047619
-0.8710621309523807
-1.3412423214285707
-1.7730285674603163
-1.4102441388888882
-2.0243677023809523
-2.098670940476191
-2.075743746031746
-1.513006494047619
-1.3433181130952383
-1.6947338690476181
-2.05071334920635
-2.1246299642857167
-1.1222744543650796
-0.7142068333333336
-0.6773956865079365
-0.9772142321428571
-1.7697685515873025
-0.5781034404761906
-0.32795814285714286
-0.33814121031746036
-0.19876367658730174
-0.22259233333333334
-0.0018660079365079463
0.41013614682539673
-0.2002239543650794
0.35453494246031747
0.6040995238095235
0.5482389345238093
0.7748180297619052
1.078213809163059
1.039698617063492
0.7535346746031748
0.7791520396825398
-0.2512831785714285
0.2854744603174602
-0.4561835535714286
0.32192758928571424
-0.1458412043650793
0.04118747023809527
0.27013003571428557
0.6554571408730157
0.5186406825396825
0.13996711904761902
-0.05845319642857144
-0.8160567568542568
-0.36210264880952386
0.36189705952380924
-0.07390481547619046
0.19023628968253972
-0.17063927579365074
0.23694983333333322
0.5929605357142856
0.6051655059523806
0.557382853174603
0.6102843928571428
0.5221770357142855
0.637258240079365
0.39936171031746015
0.6321496150793652
0.6354272857142858
0.5194124027777774
-0.6291527182539682
-1.3693272884199124
-1.739271839285714
-0.6400618849206353
-0.937691083333333
-0.49531263690476185
0.13116301785714293
0.2722772738095238
0.17717820238095247
0.47194992063492053
0.2331732559523809
0.8541818630952385
0.7587887916666662
0.4761233273809524
0.8547267615440114
0.5707417595598843
0.5237139817821072
0.6610120055916306
0.9640016488095242
0.705245023809524
0.3624728722943722
0.6311254047619047
-0.7343932182539684
0.11428794967532467
0.4521222056277056
0.6017138730158731
0.31976382142857146
0.38460414087301587
0.2070712499999999
0.2665440753968254
0.3277122182539683
0.4440601865079365
0.342223378968254
0.7837645972222218
0.8102539007936503
-0.2675749761904761
0.41842039682539656
-1.3450065059523808
-0.40560224206349216
0.29352785317460317
0.6584939523809529
0.46904649404761906
0.871795609126985
0.7634948472222232
0.0908259642857143
0.44598876984126967
0.9212903888888887
0.9684203115079367
0.5742067301587302
-0.19856416071428562
-0.8699753095238089
-1.9802351269841276
-2.204023603174605
-0.4663196488095236
0.45235890079365076
0.3769623988095237
-0.9949353928571426
-2.2279705317460334
-1.7725573630952391
-0.8587806567460321
-0.8254060714285717
-0.9541579374098125
-0.5723687341269843
-0.937472395743146
-0.391372910714286
0.13095700000000002
-0.062065323412698416
0.19074294047619042
0.28340982738095233
0.2537768333333333
0.49764005158730124
0.17199589880952387
0.3956513571428573
0.5852210178571429
0.5648658035714282
0.728434748015873
0.9147992619047625
0.9494346984126993
0.8717522261904764
-0.28992223502886005
-0.07623481547619053
0.016613488095238063
-1.480908722222222
-2.0866640853174614
-2.585317327380954
-2.729035126984126
-1.1179385019841275
-0.10690408333333319
0.33132248214285726
0.4228134583333331
0.4382808095238094
0.5514342619047615
0.5224525476190471
0.5340719523809521
0.42094882142857104
0.6479873333333331
0.6065249464285711
0.06622857738095235
-0.3473218908730159
-1.5483691587301596
-1.960011168650793
-2.119823222222223
-1.950132244047619
-1.5100049651875909
-1.1617911706349207
-0.9863813501082247
-1.8564960753968247
-1.0458659662698409
-0.3650138441558441
-0.14266131547619057
0.5329440952380949
0.09178221428571431
0.0023292440476190414
-0.03817490476190475
-0.2551056587301587
-0.35736964087301587
-0.03778382142857141
0.2805150773809524
0.3479116190476194
0.36548939880952397
-0.001020297619047622
-0.6688997619047621
0.3777855297619049
0.7364031071428573
0.9573131388888888
1.0557789166666667
1.1763665333694087
1.213038365079366
1.2589083650793653
1.2763354464285717
1.4045667023809516
1.3054899047619049
1.2958966825396825
1.2383784821428574
1.4371644742063492
1.2839186825396829
1.3424831944444446
1.3692039345238094
1.538379682539682
1.3659714543650794
1.637462357142856
1.6661624226190463
1.7854732242063478
1.296478625
1.703705724206349
1.4792847202380954
1.2385089226190473
1.3037642857142864
1.3075331944444444
1.4322079146825408
1.4051490535714286
1.5447511170634922
1.3687454563492059
1.6914882599206345
1.2889014087301585
0.9617077083333327
-0.0615949087301587
-2.008644966269842
-2.2338436269841266
-2.102196371031747
-2.499939928571429
-0.04822945833333332
0.46728541071428564
0.3182627023809522
0.0927554682539683
0.23904328571428565
0.36739753571428574
0.3997356904761904
0.6317062559523811
-0.17142244047619046
0.06768873214285719
-0.2542585535714287
0.04501935119047617
0.24701855357142846
-0.439309017857143
-0.6954643293650797
-0.09590775396825396
0.7063997480158731
0.8023086686507935
0.14495661706349205
0.5629926547619047
0.5000240654761906
0.9097628809523812
1.0334221130952381
1.1504079285714284
1.21326035515873
0.5720727003968252
1.07255051984127
1.3191629166666663
1.2565532678571427
1.024803714285714
0.844751107142857
0.781584158730159
1.030547736111111
0.9851419761904758
0.9919646666666663
1.081276410714286
1.06920477579365
1.1351801686507936
1.2173961369047612
1.1712321249999995
0.49816646428571426
0.8616070598845593
1.0306808869047621
-1.6472746944444443
-1.5735783670634915
-1.4478217932900432
-0.394173744047619
-1.0647941801948055
0.07205422420634923
0.24282347420634917
0.09413144047619049
0.8468071428571429
0.745262027777778
1.1257115416666663
1.2642733412698413
1.2373299384920633
0.9937436428571423
0.7545064761904761
0.5934455654761907
-0.922304608766234
-1.7390618190836948
-2.21070551984127
-2.0273389345238098
-0.17833919642857143
-2.0963857460317468
-2.062373869047619
-0.7922640000000009
-0.712675638888889
-1.7681930773809529
-2.610025972222223
-1.936006573412699
-1.027663563492063
-0.8581861249999996
-0.15618133026695516
-0.09567738979076479
-0.4792255059523807
-0.8775281964285706
-0.8658977261904763
-0.09104864880952376
0.4190714404761906
0.7102309642857145
0.8831846964285712
0.8438646388888894
0.879573529761905
0.834843108766234
0.8754257694805198
0.2141002060439562
0.478311952380952
-0.2973690873015873
0.32746441666666654
0.3803658452380953
0.289750396825397
0.502481505050505
0.7587114523809524
0.8916666309523807
0.3447872698412698
0.906735916666667
0.7144606309523812
0.7346185436507935
0.23416343253968275
0.21588102777777782
0.06736604166666665
0.22588171626984122
0.21858463888888902
-1.3362839345238107
-0.9381168511904764
-2.0723162658730168
-2.3331756250000004
-1.185300875000001
-0.884299412698413
-0.7700477817460316
-2.2857062698412705
-0.7489813869047619
-1.2237875476190478
-2.2985947380952396
-0.4862119702380953
-0.2759257321428572
-0.530413966269841
-0.5202369365079366
-1.0943882301587302
-0.9129644126984131
-0.07959891865079366
-1.1340706028138532
-1.5534517738095233
-2.2211541845238107
-1.777724299603175
-1.8882781230158727
-0.6323543750000001
-2.4552052380952403
-0.9296259761904762
-2.037434166666667
-1.8330550337301583
-0.13663022619047616
0.8395788988095241
0.9421024583333333
1.0711958134920634
1.0257086587301587
0.8779081428571428
-0.42168888095238116
-1.402622311147185
-0.6368751785714286
0.32724860912698417
0.7208118452380958
0.6250801825396827
-1.4601478492063498
-0.3901066394300146
0.4995514583333333
0.5070385277777778
0.9719408869047618
0.9876334027777774
1.0748837123015869
1.1335809027777772
0.9641771746031746
1.0638325456349202
0.9108214027777777
0.9093965357142858
0.903671240079365
0.772682248015873
-0.6042576349206351
-0.3659627757936508
0.397523998015873
0.8978900753968247
0.1730578789682539
-0.6150373690476192
-2.5667705297619046
-1.0161187976190476
-0.301256148809524
-1.0016569325396831
0.32377217063492075
0.4962592202380948
0.3121366011904761
-0.37308630555555544
-0.4703535059523809
-0.4701357837301587
-1.0519588551587298
-0.01332392857142857
0.6623892797619051
0.523255386904762
0.5455900297619047
0.7367369861111114
0.6965692539682542
0.8357772261904763
0.4137361547619047
-0.8009962797619046
-0.27798308134920646
-1.5097888667027413
-2.149406942460317
-2.228648589285714
-0.4083907023809523
-1.974239648809523
-0.25523094444444466
0.40822260119047604
0.8843894226190472
0.7436217083333332
0.5198147321428569
0.5407184305555552
-0.42738323809523815
0.4921130476190477
0.6472348869047618
0.2879609206349205
-1.3993144047619064
-0.3981142797619049
0.2578419246031748
-0.09556786111111118
-2.382778823412699
-0.6256267440476194
-1.6942963015873012
-0.38353573611111086
0.4190017123015873
1.0666867916666667
0.8988854325396828
0.6362607400793651
-1.5689776841630596
-0.45828163419913437
0.4692969285714287
-0.11727318253968251
-2.207353529761905
-0.14470936309523807
-0.38542598611111123
-1.2856274897186146
0.1622033869047619
0.11019792261904762
-1.969576938492064
-1.9054870198412701
-2.3898708353174616
-2.222840148809523
-1.00280668452381
-1.1641078441558441
-0.7103302083333337
-0.6415084404761907
-0.7757961785714285
-0.7986773392857143
-0.7298841428571429
-0.39187275595238097
-0.7900393452380955
0.004038869047619059
-0.1407807301587302
0.31377096230158724
0.19567417261904774
0.03853313690476189
-0.4483228690476188
-0.07061384126984124
-0.6442042698412699
-1.6796811646825407
-0.30372423809523796
-0.6666531924603172
-0.6859762718253964
-0.3331454841269841
-0.8723563769841275
-0.6216621428571427
-0.11902780555555552
0.5898281190476192
0.8439441488095237
0.8895932738095234
0.7520270039682535
0.6934446547619046
0.027730208333333325
-0.229520761904762
-0.10951380753968254
-0.565341087301587
-0.3962081349206348
-0.02258287103174604
0.20766223214285728
-0.040176767857142866
-0.44094035912698426
-0.2934753134920637
-1.8609070198412703
-2.5953675396825404
-2.501257492063493
-2.5815574920634936
-2.591051936507938
