0.43853339132212804
0.22014855865519653
-0.051839783715028676
0.19098265430969977
0.3516939413784292
0.205536634582808
-0.06277541223384568
0.06817009512970466
0.009540605665201079
0.14019995918081393
-0.5316627346406892
-0.7874356853859549
-0.527086790425871
0.21870358078465899
-0.35514022990964733
0.21586008732365333
0.3568850530847339
0.45070983463580466
0.24699568166377575
0.4924847820373919
0.4669782512453133
0.3521462606484245
0.5863741132218835
0.6173838777846479
0.6081753109092672
0.5856275391461453
0.8266164205782719
0.38137552626543353
0.33997664524761717
0.28332230432789657
0.152573954634472
0.38917530703681397
0.47446518438129237
0.48474426516714125
0.5501271735712119
0.35263213714686087
0.6146275268802961
0.3462129501971107
0.3722339853027765
0.44140350146873253
0.41158249915581036
0.7566938790526935
0.5983529387125757
0.41875540446999077
0.3232680272241978
-0.05267226516901003
0.3753500824259654
0.3805764758253188
0.40938959654989965
0.39421291355852045
0.06786501449859722
0.006747130685740794
-0.11407752725314026
0.33987660822640803
-0.07635093494914183
0.26034300490043333
0.21484968049940345
0.16468946927676903
0.42760731589397505
0.6844774288057214
0.63229764707304
0.07472477597235018
-0.04355671868379562
0.07308289651423923
0.189765908842397
-0.24282632136232576
-0.13740830714569954
-0.2758939220834971
-0.4416379830995591
-0.45758607900592824
-0.18029903397705652
-0.31719560389754464
-0.05322255742913479
-0.09043420654377353
0.3952485279505915
-0.14916824678161097
0.03574529390583329
0.49201116602096046
0.5736981903025767
0.42037215697338776
0.5252580382239201
0.6884931878939674
0.5829873327314322
0.2594570010807626
0.7061288923899683
0.8322442898766047
0.930951268098081
0.7780145491418784
0.71714512771781
0.8976306621019017
0.9054951556473863
0.7182924230286215
0.5824662734899742
0.7875432619627656
0.012782802133626784
0.34497145233116094
0.49263544717924496
0.46217400298032935
0.48772886493209455
0.42769228006887755
0.691112924938035
0.6685313571727435
0.6970218550680575
0.45509745457922396
0.6027926838459216
0.6111265889114014
0.8586491577485419
0.8321641709764389
0.9180965361082474
0.8114654554240001
0.8554151075946157
0.805487435330873
0.9430719919980316
-0.3054019316968804
-0.4587017255891324
-0.3422826312211385
-0.3117351710528062
-0.32306052767920973
-0.05439365788108203
0.27800061671960374
0.34118686564625006
-0.0736684718821607
-0.30075488741284734
0.22701614592504674
0.18681793578524666
0.1928614969598755
0.36092334715205715
0.46254880669049353
0.7799716660369326
0.5044865957004349
0.8603111522146701
1.0454424028144573
1.0124490427804684
1.0335583734905394
0.8896690071824711
1.1075973146744122
0.8107189943843819
0.7142875147533599
1.1703454232340353
0.6290284821232542
0.8817044674313523
-1.0528350410747191
-1.315649860470086
0.4518773086048109
0.6598519811323537
-1.2742123915521246
0.5011278989045126
0.2878274093375299
0.692246270725029
-2.5533024160249185
-2.6252773847864543
-1.546039061183815
-1.1368383890667852
-2.0183153248861014
-1.8123760627629693
-2.6702577106584493
-2.228769646086321
-1.7527655745564168
-1.6968875717031844
-2.5179381187379364
-2.868991056455396
-1.7337426633547974
-0.8428756787889773
-0.12048082727647791
-0.0340602523531679
0.2585486986299806
0.4993614926600814
0.5206219284366408
0.7278752161315808
0.6972564272464106
0.8726325459862161
0.6220884687668904
0.4966141807345421
0.9856078938478006
1.0939801946455332
0.9457950467588278
0.8282697261352358
1.108138075646886
0.5688268051617617
0.8790484559184643
0.6159615652201099
0.9543190256062738
1.033977900256888
-0.06610571552264448
0.5993084343013405
0.6615606031724859
0.869872960764586
0.06246608802439463
0.6933184115379865
0.48760133381927084
0.5899840064288981
0.8042374321883622
0.7418873547103422
0.4696358013727108
0.5289203862422226
0.2334048989231147
0.014257512668010938
0.340415603900396
-0.761669004254529
0.1269378759461182
-0.31270235757105636
0.2655019985642588
0.2924474422056988
-0.4794093459312288
-0.443623020188189
-0.12695063070606047
-0.43566496774485836
-0.10593295896878457
-0.44380361525854833
-0.8516310760109009
-2.507420538099167
-1.189466361736993
-0.34006956463323634
0.13454733199557448
-0.2133861179397131
0.18218967897842928
0.25377039370763127
0.31249485798196763
0.3345247182287871
0.31698893957657004
0.5504898325973633
0.8283936082437159
-0.21136040357618024
-2.6381882263148566
-0.6288573468095411
0.6402949515916818
0.1670198248017112
0.666682465245294
0.3111455538139067
0.0676231593771423
-0.07113151124170868
-1.0552999705182124
-2.190035972400446
-1.5448027097968025
-0.6721540442504769
-0.8419087901270336
-0.926203701705783
-0.018088247124880188
0.2000421785700621
0.05468704242719478
0.22798162839903904
0.24319663956958557
-0.6852506926986122
-2.1541627936343524
-2.2433223553531363
-1.0056630304005587
-0.8705245305917901
-0.5634729673474573
-0.7365786585847859
-0.3619793668732108
0.41934100397939694
0.6573085801541746
-0.06311700419343008
0.12253394808044844
-1.0599713350539066
-0.185236583751177
0.02294497548166236
0.4568494698764978
-0.32451305496540744
0.22412070727555802
0.20979818241177942
0.4358388806888927
0.6479288781853275
0.08076962389775844
-0.26521168368248743
0.9164229038689308
1.0905452198785253
0.3968756501383486
0.38647166871767863
-0.07004252669888555
0.38484094805756164
-0.08775652067966393
0.09413909779362246
-0.14840893394717666
-0.3143812306891361
-0.5472372744061745
0.018625620466020416
-0.48106779956782936
-0.7852584049059
-0.9117901714385167
-0.5505997948451228
-0.8238905368355481
-0.7869983456794069
-0.8769257264354532
-0.7968828058762202
-0.9412660454836637
-0.7443374660701473
-0.4036073096250658
0.08576190986798997
-1.3157752771627442
-0.6847198046828636
-0.59620185930284
0.01723287934324957
0.479375055052309
0.090671772000392
0.31247986459645266
0.3460712815379648
0.6751765291349566
0.8118346523415346
0.8724275406510141
0.3720157810474108
0.6136726281055297
0.10909387022526801
-0.7315508013520392
-1.5751991504846263
-2.4470398549447148
-1.0318045680533718
-2.623247915568051
-0.6812589748593418
-2.87387640473891
-1.7353056676785312
-0.6426140048089591
-0.6931754429148836
-0.3125966658261376
0.2990150938569565
0.3970169198969092
0.3369091326184754
0.520868897650206
0.5355503079946207
0.4118320173750312
0.16221601112817566
0.2524560850432899
0.5469861818443801
0.6651340535738249
0.8947162690983479
0.3365310078037089
-2.501063324698476
-0.5336488494132847
0.04204172192124724
-2.62255418157159
-0.34147546617911556
0.047140810453050665
0.11678551226820046
-0.17855394202254818
-0.2607770216376643
-0.3747007922144578
0.06588884897984199
0.30690826549728556
0.45982385284663513
0.19086655652671514
0.21341451288854782
0.20474032848213652
0.5149903192482526
0.8342393095799642
0.4619151533649611
0.7831806046355352
0.8544834272476223
0.3885055158185853
0.5588699544378629
0.3151180120141723
0.3187501802562511
-0.1695671051685663
0.20893174644478282
0.6058315131901519
-0.8077228410403642
-0.3972751182525167
0.16813217272302552
-0.4809892930092852
-0.15354910570481958
0.7958378191458425
0.8747425334123263
-0.36516560971521567
0.19645303193417404
0.4607732938055276
0.2947817099539953
0.737679132913874
0.7244218942312908
0.31015899588753487
0.09747229628661573
0.6444704825729018
1.5242795535179339
0.15873948860306078
0.3845707474171384
0.8697934918598742
0.7588651821414131
0.8562750878084614
0.7726420204825323
1.0779990692104318
0.8312649893901235
0.19950840259576297
-0.29978696524452614
0.39295120440673975
0.5542539086485918
0.7930679257072198
0.8051501250064493
0.3096662055406409
0.7138251962826678
0.8871025413113677
0.7681918717297959
0.7947239344056128
0.857137516431756
0.37825189188076574
0.5714544580692557
0.4552426745912213
0.6816767278052466
-0.2575582225826761
0.3232991780992227
0.5906249603542615
0.7289650606750621
0.4465021752460541
0.15186436579246185
-0.764703633286327
-0.304841764862038
0.3171237901866626
0.5723505311625079
-0.1696613707282151
6.376452166639267e-05
-0.1299136200822473
-0.18134929910237485
-1.8467528007377771
-1.5663038508974383
-0.7089987568792564
-0.20163127824543692
0.29730428542620374
-0.031150342847393833
-0.507658315304202
-0.42135536630606524
-0.10797999023760856
-0.31760353952126047
-2.0119513399418687
-0.6709338368572343
0.09087219372878959
0.023549513428942667
-1.516153653067929
-1.2669493269123788
-1.5919930827647548
-1.0114275934015795
-0.8857768114587673
-0.8320745637754042
-1.416479285153321
-2.0082890060752474
-2.650143265985234
-2.046908518221631
-0.8285752151562483
-0.2913680368817258
-0.18035012595143585
-0.5618672688027649
-0.385282276107861
-0.9127855822516083
-0.5118275466118306
-0.12651366215813586
-0.6849449689314274
-0.6763121306749479
-0.23895184234017144
0.0833739496494562
0.5685385163233023
0.42614385317595255
-0.6023337938367671
-0.08416755769730473
0.4379272189716992
0.5806552456843451
0.8319363896695764
1.0802465591350454
0.7644744658770715
0.9744702362289631
1.004004297242315
0.5051065363056412
0.6409675940831456
0.3021471151926177
0.19480329957749734
-1.4891367211058268
-2.2281010697549553
-1.3160139667352047
-1.4095278873955905
-1.7358291437216937
-0.754375119248555
-0.37560900453477664
-0.7333182518876297
-0.5877340573004947
-0.614145384657231
-0.6398831790339473
-2.41881700740564
-1.515250101437407
-0.8169904488810164
-0.28794850933122573
-0.3796298334707157
-1.5888860096512205
-1.2092225844575315
-1.1021566260406443
-2.1809040865129834
-2.331492826088563
-1.6475928232676134
-2.3784780423615617
-2.7901097463522024
-1.5007941941291338
0.006331926961314786
0.324225033285987
0.15897255145901923
-0.17781531295014533
0.3949079021398794
-0.2519723947987087
0.0819115798421126
0.5408872770164187
0.52881520905834
0.3122005773834133
0.7443210418498943
0.28668878815227455
0.5675950183718574
0.5303217269687144
0.530592457411217
0.6518949749062909
0.26284450435770307
-2.129184902918844
-0.6795541152089678
-0.4169338193003065
0.08111082147081275
0.11802016110301476
-1.178385573010677
-0.654290518602323
0.31622570070352113
-0.01343295771290202
0.5447397295117229
0.7503061341719107
-0.3256069404010729
0.5218231765757038
0.640647422093883
0.9207989987906674
1.0262251039092187
1.2168042774422363
0.9883160481434139
0.8860160830712288
0.8589599099237425
0.3682163749230456
-0.39883957357034455
-1.99878623669657
-1.060294496939615
0.3167148793424181
0.6621716706579833
-2.237583031182538
-0.8718485984885866
-0.5548767244451582
0.23451879122657684
0.5187284896923423
0.4830847053751374
-1.9928763834182783
-2.5424905492908776
-0.6215382201609777
-1.8230850579054703
-1.017383210534583
-1.9082628623726337
-2.8648609806895746
-1.0051496465472456
-0.693248423845029
-1.011634306663303
-0.5707212775868281
0.37844902864405255
0.411911152001349
-0.21105467887323615
0.32281831536732836
0.5396820958058791
-1.5869528790847653
-0.5482675918097552
-0.1688188975137311
-0.3993474823881881
-0.6887897079803699
-2.3310471090868137
-2.8017565944795195
-1.9283435383410439
-0.9739486533144506
-0.9037449176464499
-0.3357886580146919
-0.48198538276803066
-2.5976557439312393
-1.7094877617849609
-0.39749269717558794
-0.20963123879168047
0.04282238680617612
0.22944535587636394
-0.24343801326701678
-1.0616431978692222
-0.8431980118130987
0.28704634046958266
0.41247634148038553
0.1396866817259331
0.2530528024327363
-0.42355761746944137
0.003699757534256512
-0.12081739259327791
-0.053594037825896244
-0.07596536521079354
-0.5700142222110113
-1.9075642911987796
-2.1288099657838955
-2.6623093493249894
-2.6375526987363953
-1.5093169098150103
-0.8385223778186973
-1.678493608914448
-2.1992008126009446
-1.4866255232376318
-2.0027398594912773
-2.470256574842097
-2.0316409283471937
-2.3497181297529854
-1.7823734446104975
-0.09993367368024146
-1.0648811316080478
-0.20586509830538166
-0.08537425232273592
-0.8524186378161437
0.315381273710296
0.053422633223613764
0.45691987989205307
0.9021917420986534
0.9312005145798921
0.4998283963271433
0.11339667697931388
-1.2110397005627263
-0.36281855966103554
0.1683808732436093
0.32315187845453003
0.2860200018655824
-0.5827994753023513
-1.0533034518974722
-1.947576685150582
-0.8085358511606203
-0.8346987720265453
-0.87990378675757
-0.9844106710528311
-1.7814657926732635
-2.495794334925703
-2.8312658340416728
-1.499255490481241
-0.8450733708393274
-0.8688242174176694
-2.0117768086483188
-1.2657388986016902
-2.0565528347028175
-1.7195991238568704
-2.1223642882690053
-1.1260782371472733
-1.2107859158285457
-1.2639754855938792
-1.268285011274094
-1.6683797220177272
-0.6190239275829391
0.17701355512984987
0.4222517532554237
0.4870168551520068
0.3477741467174024
0.43550776687236553
0.44128321848163704
0.36488545560115065
0.5281946602561199
-0.6296107460306691
-2.8563847260581774
-1.4233052423136483
-0.4728892718406663
-0.8949396954530308
-0.9702157912825174
-0.9456038919205462
-0.45382721222532246
-0.9789820236249889
-1.0974531453166994
-1.2451826401038513
-1.8974329862528387
-2.874228901485365
-2.6735409651446704
-2.020740644397225
-1.0372100725052131
-0.6196331568987344
0.14324711212275382
-0.2859283478112519
0.23526161771361567
0.37927553296233824
-0.5428951988021429
-0.0786883566399821
-0.15148955246091264
0.4202102372029521
0.039870118260105336
0.6173506869050441
-0.04779518927750537
0.5550179414375224
0.6710683677445534
-0.027871333487648208
0.4321594152360171
0.46258209175500703
0.6067711397164798
-0.4722836448622257
-0.006253466998705371
0.3275741478935886
0.4233919001882034
0.4950027691757691
0.5698214693689639
0.3034796435538986
-0.1949953895570519
-0.28533251205595694
-0.4776953046476882
-0.4276425745638666
-0.14400959511784303
0.40398282008742004
0.6217794693943463
-0.2897944655014244
-0.5975540567546301
-2.189283268186102
-0.4006537369714496
-0.421283200451773
0.1418325653346955
0.20889141571367395
-0.015613137117042403
-0.5972649110422795
-0.7604818206404874
-0.6578050265008514
-0.21035350554151908
-0.39249479733411935
0.04943643187726012
0.2682513422106243
0.42407462906684207
0.43435422758402376
0.49057089945403504
0.5080216313901588
0.361785720800992
0.41116665650121137
0.07889353471235133
0.3411299280235309
0.4525831351043366
0.46679897111296137
0.29406354510984123
-0.12197655486809067
0.34680680104788086
0.4087590875090911
0.396246012347608
0.281377331363791
0.16690814971238935
0.49894000445690717
0.00800882023483006
0.2691843135330765
0.40745629328742844
0.38384094799538926
-1.001029655010903
-0.1510893440972393
-0.3136167597910633
0.08188579678631386
-0.06975234370043344
-0.12225375177463928
0.24560479151163794
0.1065377369559129
-0.12615287860973817
-0.45279521836338876
-0.5164728228180858
-0.45963362709636973
-1.1166285408627232
-0.14697689462570399
0.38766678670719545
0.3963253077599118
-0.358813163999026
-0.4135273733451224
-1.115265650818604
-0.5774284281557968
-0.08903419741967199
0.27206397177067904
-0.02102954139667257
0.26841245514668927
-0.42060839533967137
-2.66218933049416
-1.7610989680156326
-0.8043826212429129
0.11234273846017988
0.249710406612168
0.49016507093905354
0.2224855371592035
-0.04955555452666797
-0.12551092297951447
0.26718284105775947
0.3143545678191066
0.3016837221856856
-0.4576118529713411
-1.278089842806484
-0.31961374708142837
-0.2843248046060714
0.2992534606238055
0.04634480547920974
-0.24026387574916674
-0.2577647702860181
-0.24078364352726214
-2.2188991455253064
-2.5565584612352947
-1.5535150996904805
-0.3394773483544373
0.05153261719430802
-0.2091814515643431
0.36721582156282273
0.48608650224105876
0.5919298380719981
0.28621039121392156
-0.35865635034915516
-0.49124043294016273
-0.31549234460074344
-0.8132750836897045
-2.421635824763188
-1.2083889524710723
-1.1074932639016497
-1.0770178230704108
-1.7799345088007261
-2.5558444158456743
-2.061436305483198
-2.4759124653374753
-2.5590379922086632
-1.3629072721275433
-0.4549404730933697
0.12995426779070576
0.28191771846791047
0.3217697571383204
0.3411495395391284
0.2560148547277459
-0.6469411058556461
-0.849415890619634
-0.2584609577523816
-0.09490744083259763
-0.4773935907887592
-1.605232986517531
-1.11120372278769
-0.23228718784801658
0.3369562942696705
0.48836794624427354
0.5301272033115656
0.42659154992090587
0.6954254798797809
0.7630607808224633
1.1416455793193616
0.8091339346377904
0.5121339884202417
0.8151963342986878
0.8607182852203694
0.8528230038155086
0.037566287358967825
0.44194464479257883
0.6115797040755659
0.6635257429705264
0.47528419701463576
0.5132147447965179
0.3461118096100191
0.545680312927936
0.5013301141900762
0.2747963570940613
0.49895026906044454
-0.04656666002799761
0.33731101291610743
0.36347606787070735
0.04880251806486833
0.42339742034153227
0.5937532601424188
0.6020359241478913
0.05556005488333726
-0.25850131606319343
-0.05427929204482843
-0.6577745312868972
-2.3729220461647142
-2.5422672918321254
-1.4758019731094587
-1.480699550711254
-2.391320079259687
-2.606813368415573
-0.8064674259124084
-0.04423064625976653
-0.007774957197642075
0.3544822314484442
0.3917002021123404
0.39040091937810234
0.3280283878480585
-0.9956603621086151
-0.9162886943509996
-0.02529492843524786
-0.13933462416093786
-0.28338010971404354
-0.04018582554637466
-0.5693468904880612
-0.012588545876286791
0.02886126874580727
-0.8118943916140927
-2.326128841610496
-1.0445672076308214
0.24533382345494562
0.21166267944337888
0.34465740698160624
0.3823678312926894
0.6815868022874891
0.5060351224116094
-1.255526828943422
-0.5644883236043504
-0.059580887068683565
-1.5567872430922065
-0.30673080916201295
0.38274834418304654
0.11373826268576122
0.4327697450851651
0.23793515356196182
0.3168293292729536
0.5638088851580346
0.2920945295102758
0.26991184195561135
-0.004890554399178675
0.39188212522559507
0.1668299531594936
0.3051606514090935
-0.24657003172703382
0.2417981035539053
0.35145116067810006
-1.6270844202409276
-2.7578963289101144
-2.541289580755439
-0.9828887067993618
-1.3831185478944965
-0.2253649015903755
-0.18282245280279627
0.40852872022832454
0.26329335827700956
0.2749605759015014
0.04853619461965855
0.2994178318032478
0.39419007068088896
0.23552524174049638
-1.0150388754301545
-0.36544550684221294
-0.2673470760150845
-1.2946497387218032
-2.4136385180510995
-1.0054092039035407
-0.01376950264960825
-0.8364081942524665
-0.574078326975768
-1.782716356755709
-2.50600072552195
-1.3885037109183707
-0.5322081394947743
-0.35621032932041174
-0.14123566226898052
-0.48242531128972216
-0.5225673751222374
-0.24386061051709243
0.05774084178735664
0.04709230422203775
-0.018339217467348203
-1.150816155710911
-0.3252758001439437
0.17668872392258994
0.09776240217241793
0.30711602633391427
-0.17665995521590808
-0.37617832528620077
-0.5127644651972997
-0.7820737744107057
-0.6563863380525142
-0.3634794329911861
-0.30772693453416405
-0.5739091023588222
-0.03710178171345516
-0.05678636146686427
0.35864962215782054
0.838776523267246
0.7443754914145542
0.8501843865329844
0.7432366806561014
0.9076414820933588
0.5109810519957058
0.21639085844159045
0.22349838563157023
0.15671125037779735
-0.46635874508764913
0.3537192661541395
0.318950171237015
0.38858474257121767
0.5168728383455679
0.6921385406468628
-1.5399895379038513
-1.7393926719828714
0.08940751079881204
-1.0887051654620141
-1.3652348073589187
-0.6189500353106864
-0.705254994950734
-0.6435956578054723
-0.21905810074992196
-0.10043225029345258
-0.20612273331373318
-0.44257916625901844
-0.8155556825229703
-0.4854801186917601
-1.6591295390590826
-2.6456731476474453
-1.7422838107531244
-0.23444559501806586
0.31866416191396646
0.37467896572238396
0.3641446216326118
0.4365792972281004
0.5756785272072061
0.5084684138157826
-0.0909285009788278
-1.4309355582233947
-0.02086371792550845
0.5131755934566594
0.3898540475645473
0.3075937881305675
-0.6562325269092709
-0.1248832857873251
-0.14846294410062266
0.177413365654309
0.5198006548177673
0.2171807252876187
0.48269210063998963
0.4287264987445871
0.23799023146829268
-0.16943641952010516
-0.4400695530292546
-0.5040675109617445
-0.6275971017232908
-0.34152247354405557
-0.07817915827579802
0.38947695936069016
0.13295034471777006
0.5462823173555112
0.7772757274199092
1.1773128630412106
0.7362354678157707
1.1288234973818039
1.0338344599202425
-0.34363575770214866
0.6127861832284038
0.5042236476616723
0.655823670875927
0.2735878558485861
0.262002957279933
0.30990459977024903
0.20062581260551104
-0.17916028025365002
-0.2627508727316122
0.02606295077760397
-2.5955256173308876
-1.8480098204483888
-0.6054488170369298
-0.33888832686611386
0.36954413542112063
0.379251272436907
0.4490345760239061
-1.0652201114579611
-2.5159036976209084
-0.8402010967242792
-1.4016586131510225
-1.6047021754116233
-0.4692950672283815
0.17524304166243407
0.3692972073262901
0.2516595429581585
0.15943589291906052
-0.6596286296129757
-0.11741434148215828
0.31452319536626516
0.2572835899239418
0.11584213189656346
0.43387450950817397
0.6155017061046458
0.17547820548350476
-0.3240761931035384
0.014899890142638988
-1.1297769695174145
0.05710708610915353
0.2771744658246496
-0.25542612440229107
-0.5036141176391379
0.407031056896446
0.4149161921848659
0.24284338755609094
-0.6199789466748806
-1.0633118231444607
0.5235096603382877
0.6068587231489532
-0.5052759063713889
-0.5544634635912401
0.19025507255596683
0.3704530631572603
0.6093258080099825
0.39379635072348523
-0.7217350611324677
-0.28665878896414626
-0.04652470411622789
-0.2881520226306817
-1.809367232970261
-0.3286388827012187
-0.45930570583387365
0.33474082274418926
0.051967455484642544
-0.6586679798874505
-0.9237083103633551
-0.44052027630415297
0.4639093563922599
0.41672653567478707
0.36343142559428127
0.8324730549231255
0.9972078764495892
-0.3408318115506794
0.3936079974594721
-0.4431195343808057
0.16612328672619617
-0.4018310838774402
0.6710267136272177
0.39302614091344007
-0.5186677118097934
0.29261750489860444
0.3364199839718047
0.1856774178234344
0.3700757546831667
-0.20815848402112838
0.7991823352287951
1.116958991241959
0.006525492660517571
-0.47090876302642853
-0.8335427980580318
-0.868965482390584
-0.7607010868342177
-0.7284884793616357
0.11976168509648023
0.14140721531629144
0.40984101988763316
0.36742939044604844
0.04699231123885703
-0.2669367457066867
0.4360622149564419
0.3798786305162663
-0.04547263881190022
0.4547469621140361
0.033742407214798015
0.535811746981929
0.14084816496798008
0.6950168795719475
-0.26827837332253235
-0.5416378648292592
0.3148849288612297
0.2837281510827278
0.2720179542782753
-0.23031934509529586
-0.4964346406957245
-0.027946932098498935
0.24111813684300362
0.2873379080762121
0.6888179827407946
0.6007973856885366
0.2984333568763203
0.7081130034163787
0.8206814122350686
1.0198037278891348
0.5402011444371176
0.5962304773990286
-0.9746918395930257
0.12919362681785174
-0.8011826896572015
-0.029376529740873014
0.2902614454195123
0.4463145242723709
-0.08973838673620589
-0.7001708800988706
-1.3602977171417774
-0.7241026207910303
0.028452088885862408
-0.017793834796633233
0.23783469429910323
0.2053844149766786
-0.06806161851979474
-0.08325533292267812
0.07941648114542535
0.18792690855920502
-0.458872868393732
0.3588252752511198
0.17602638989077182
1.101306917200881
0.9748580410359121
1.0408055087407726
0.9697351108495166
-0.0810296484124049
-0.18927444184832432
-0.11945237834744898
-0.004556019458034963
-0.0884523719308087
0.5125762559668624
0.5362071151324215
0.9712927046972437
1.1756577492272131
1.1380124962091296
1.0632340650350458
0.4390453840141591
0.9128016687403431
0.7605960634677716
0.6228458930601075
0.28826122400781434
0.3751083618127569
0.1149445440664774
0.12974679334722924
0.4381522142426833
-0.6429557506737383
-0.16580436061463116
0.28182711524671045
-0.36739404317599256
-0.48410792177745043
-0.6374236657028217
-0.37490097699334646
-0.8393620413440597
-0.41935783346222166
-0.18036039612678936
0.2010851069984081
0.026336087460103418
-0.22288524587417988
-0.2620599192320368
0.09648816991656887
-0.3286961155977304
-1.3584029252707346
-1.7703331678739438
-1.0741060462688146
-0.9103410116392535
-0.5128086832403981
-0.403443935732757
-0.5122738670288682
-0.45662620823997435
-0.5619097675670389
-0.3605635441508266
-0.01752155482665948
0.03161392543126548
0.21774934012163305
-0.11546309706545965
-0.044762548886986754
-0.014560861552141353
-0.28696384351438486
-0.27822508480081937
-0.7146566515888493
0.28120711252894154
0.3643948950209717
0.27989594883148144
0.562235718552136
0.42786463521090906
0.20684546294578102
0.2688382200561325
0.3996638757054703
0.5987408841486893
0.8630610099443574
0.43575824935287216
0.4566163900281001
0.46676028575420814
0.2358849920083682
-0.19588004911904489
-0.31557006459561593
0.10477816687768775
-0.3539088043932444
-0.283250887427101
-0.11969033278663836
-1.3708020360717856
-1.1507984642281104
-2.173744241660136
-2.3241261726822207
-2.1219962258276936
-2.530013871125114
-2.1429946084369713
-0.6119814230719154
0.22248367806108685
0.22908236727943498
0.34191463316621823
0.3668129919431611
0.33704449272712944
0.5038735402501814
0.6253846024693028
0.32152001337042113
0.27731487948733646
0.13494669765543146
0.24021425785696074
0.33458922921895873
-0.2403081889011124
-0.18421423726685204
0.3347748325898128
0.2800640665764156
0.2049482493650858
-0.5853075775229499
-0.10923856468618347
0.036587632057630784
0.4583811446392767
0.3709812617148975
0.5870061683206864
0.6680065425580125
0.4135949938857555
0.3868506065456474
0.6040764230770025
0.4338598377611236
0.24194852399851796
0.030064744352987366
0.39558154917048244
-0.5052823344772602
0.02728549926586837
-0.20078885127384546
-0.029229452111928927
-0.6153091444058243
-0.3496300204686511
-0.2956836898791156
-0.5780002765594295
-0.407885647077671
-0.9895125619832843
-1.9100485868222916
-1.0783919908391748
-1.77799291839871
-1.3299844175210436
-1.1658508691247305
-2.557165302857325
-2.516212342397953
-2.501473960819421
-2.7938176880673713
-1.716106876855499
-0.7422473319401807
0.10829742252833331
-1.5937032153540407
-0.5520478988826291
-1.8273654016388596
-1.7056881452918002
-0.5333921924111285
-2.0846313500031854
-1.0440315892104561
-0.757713421819388
0.3566173959410867
-0.12521392407325094
-0.7005064228023189
-0.5300519311203612
-1.144363129917565
-1.0833872738344248
-0.9344828734705634
-0.5763459113790218
-0.7339083107926884
-0.32595952227767766
-0.03538673762683296
-0.06910807995644376
-0.14670950518440048
0.32478435125224764
0.5102240056090956
0.5514614809535877
0.10224541062945643
0.05530924964743058
0.007956824498961975
-0.019820940101925148
0.07132412842657943
-0.004486222872075417
-1.786620098194681
-1.7909950792928762
-0.7692949512571556
-0.3575075770182072
-0.43659677267745667
-0.35282346726766584
0.41030980915374116
0.33308966093015174
0.323331874885799
0.5899428541273116
0.35725969888475356
-0.5982121142961202
-1.4067984686316786
-0.3549162070611569
0.020974664026440118
-0.6377535222898295
-0.7223341444425116
-1.0885646584495159
-1.8204346476411735
-1.9199793667312015
-0.9657779915397843
-1.06520636417548
-1.034379247285852
-0.7279500113052165
-0.5200477533215991
-0.1858965727341794
0.25327036162968386
-0.3458004872090698
-0.5849070953522811
-1.0663272038595342
-0.6610902290398489
-0.9079851857247073
0.05992017100874956
-0.03896978759360587
-0.6124732095264793
0.15400652594711203
-1.0915840214751642
-0.24096364845411752
0.573930075365168
-0.775542972078671
-0.6974585734135155
-0.5253096371367204
-0.21111087536067416
-0.5860078082453924
-1.7134118641890537
-0.8048047230197066
-0.7113454201728203
-0.6997790649844654
-0.7501426298608531
-0.42559548895976534
-1.1395903613786567
-1.8886424224551035
-2.7006467221777832
-0.5318435468293446
-0.14684559392970364
0.44951843156069904
0.742272418521238
0.16457831225250671
-1.3178231544179129
-2.177981551001817
-2.2464692144448652
-2.7703501096452485
-1.4514565001233883
-1.4291880402446557
-1.1881194454571806
-1.42074035861025
-0.9878143189709253
-1.730310338305177
-0.9406045526997137
-1.9379043294805909
-1.5726379790015983
-0.3699864091747043
0.25026710814325287
-0.0985414839657035
-0.247874946503465
0.3753791592231199
-0.5653417159422812
-0.1613574844350563
-0.18740999363331387
-0.41286055999620214
-0.8353396660675579
-1.004076445404711
-2.6403239700021017
-2.1696630696150696
-2.5039390112631295
-2.5563147885551314
-2.11548816691716
-0.8220429053299743
-0.7823812613144622
-0.5903169216411346
-0.9112015074097779
-0.8104222960516877
-0.18475818311447081
-0.17621956314126241
-1.1388751173129528
-1.2469273737527171
-1.6944873255172066
-2.1616951200922245
-0.942511857425996
-1.3943521705523203
-2.068445247668285
-1.5997787974616697
-2.2562134879643345
-2.235013138879229
-2.1593431090940762
-1.5998856090082432
-1.4350113021029858
-1.9610683006993763
-2.181745272089774
-2.1443207796613097
-1.1279602920751857
-0.7945519895497024
-0.5467387684159482
-0.8375913673718
-1.7519958475206758
-0.47043370137141655
-0.06497441644620709
-0.07941231582023157
-0.03666800488105599
-0.1836205514315261
0.22381009889172407
0.639478151924313
-0.06804271963485133
0.5032710955542565
0.9780278033123463
0.8321669856411109
1.054333960998289
1.4711108104666915
1.4938640459681476
0.9631492761606079
1.0261935939956959
0.04478205722515973
0.4919099913578843
-0.23849670168536521
0.5122979718345485
0.03426728940476566
0.2155896120886834
0.47552260732046253
1.0631089096118738
0.7181887157512817
0.26748876825244605
0.11403709980125411
-0.5623771268577518
-0.225079663381489
0.5206494185489683
0.07994678973199429
0.3068852736595132
-0.05131651288418292
0.37912344865216435
0.7358891597521913
0.6822232852150867
0.7686088652022084
0.7759998868096455
0.7530580444917012
0.8752464217321646
0.6139472960045066
0.788329872496996
0.7063734468393595
0.6381493011007028
-0.3804075479580285
-1.113164724902007
-1.6808869995805467
-0.4232628000706386
-0.735499145079305
-0.27792086970320873
0.3620963386622021
0.6218167235651674
0.5427395534100724
0.7610201105626628
0.31997220267792464
1.1459107975443812
1.0287725560265224
0.7736074459224341
1.154359766827751
0.7919240304959981
0.71959822426677
0.882788477144732
1.306343444281804
0.9864471001792999
0.6805190120063055
0.9675859665126044
-0.5453084001856551
0.42037243797860285
0.7059778753783279
0.8955417552737724
0.6403245467798094
0.6219922410799826
0.5310555776766689
0.4903558036105406
0.5562666268726918
0.5581463598583633
0.635142445402361
1.0450834666027438
1.1935702323369093
0.053580859592743585
0.7286097929429586
-1.1456989359289484
-0.16791444343282572
0.44455838441540596
1.0462167830178921
0.6282367875657829
1.1056995115568884
1.1469633968542403
0.25660094498704245
0.7691101037865159
1.3060907360044098
1.3651245938974341
0.8827852079957955
0.10905791173299813
-0.6162121237407203
-1.9513348733257307
-2.1358842922788184
-0.22626327901279433
0.9476286613975341
0.7483380026797818
-0.780041721792228
-2.16742278167871
-1.8146531192428448
-0.5345372805352381
-0.594105644762778
-0.8561803462441319
-0.34305301679638883
-0.7429982906072138
-0.14413091538957315
0.3847522600489155
0.1931364017548467
0.5291314634762151
0.6319529396884805
0.6771211851422447
0.8795189948399219
0.60862434098961
0.8816150433612296
1.0858164716378191
1.0248916735459315
0.9988459548419272
1.4602979619901209
1.497925562042564
1.2725032560995324
-0.018127702397976134
0.052765786305453095
0.1224376448554657
-1.4451344189206867
-2.162960920710239
-2.7605012265388837
-2.8024261085986866
-0.7649619112301549
0.19471316399780556
0.7285026544052288
0.8270471953304961
0.9020923366472271
0.8547902328502975
0.8530103297894214
0.8541761450545157
0.660689682065422
0.9686632178942755
0.8173411856215163
0.13066425722587777
-0.15718475558080983
-1.4640330172259641
-2.04419860734666
-2.2468494854998533
-1.9522598322286016
-1.3844401025819753
-1.0534659590158282
-0.9354962208590413
-1.9690875171402213
-0.9746253520020861
-0.23304757758578284
-0.014365878250516065
0.6735155490998063
0.2514072073503194
0.19992552001570033
0.08968741116264291
-0.10041420722478882
-0.251112432227144
0.32722125919900674
0.43574661509771984
0.42078490576143096
0.5782300271616997
0.1566969406934562
-0.6131954764505408
0.5341831137417239
0.9351453470647181
1.1351891442914088
1.1585710868351766
1.3228877304829778
1.4418481343143055
1.4268552561819814
1.457943885465589
1.5635862738604844
1.3816202903564736
1.3605725443580818
1.3578789642256048
1.572147104988441
1.3673631022913
1.5169994487236262
1.4747713533633091
1.5764370089840634
1.2753097275449388
1.6245533885922228
1.5859314669476186
1.8038812660246188
1.2804179653234795
1.590037599949676
1.5007932502635486
1.2536121871967547
1.369332551971745
1.3931173066742961
1.5128156196730735
1.54272442905237
1.6375945012868132
1.3740128426673985
1.6639900718378595
1.1088248473700908
0.9806426358642327
-0.11856303816702453
-2.2178505595954636
-2.495092706093233
-2.302129011409374
-2.823114155987234
0.22077381166672458
0.6384517783903937
0.5199218053765947
0.1581421770136305
0.3340914944605656
0.4977901593288241
0.538791333617371
0.7426454523393637
-0.08026025476250596
0.17593393358968312
-0.249019895209604
-0.01838779458179611
0.28062108269362457
-0.4709669889293692
-0.7323774734573854
-0.13130739633913716
0.8666809021630221
0.9726204103875867
0.06215484401459761
0.5752633473710139
0.49677347042280084
0.9034743926824786
1.0280356965278148
1.0701012337990425
1.2339121071500065
0.5512909528104863
1.140911755597284
1.3350874130684218
1.2997690307892793
1.1134744301174473
0.774323705330465
0.7906345915344488
1.0425678468032131
1.010625644425769
0.9812415266583666
0.9533688026906649
1.081084192866802
1.100156558159855
1.1740604423362824
1.103875778966576
0.38401122794733217
0.9034748213340186
1.013193152692932
-1.9197768994157236
-1.629268306768708
-1.5614782367289097
-0.4801881968094448
-1.1343897034365644
0.07335953965790314
0.267859096793607
0.15315628004654455
0.8154024204879219
0.858223488542588
1.0759401682631238
1.2945040343752374
1.2398006830103443
1.0785455587425432
0.7425299341619186
0.5569011602372204
-1.0544450424912724
-1.9956915648146758
-2.477332154025092
-2.0918739627498
0.12583362823968533
-2.208513902198247
-2.0743072702367673
-0.6409883150949408
-0.6187961787251987
-1.582523788013983
-2.7829792274413356
-1.9397493125281962
-1.061113083221336
-0.8271015417469001
-0.20607201450330737
-0.12446801072681041
-0.5409798060471656
-0.9214769102264121
-0.91378088014801
-0.026518763767445264
0.36735752719240605
0.6903661459690822
0.8635236781013859
0.7788706150641492
0.8923885551498146
0.89131675602749
0.9360248969049499
0.14226366925531495
0.3884456932698099
-0.3492254677042574
0.20003403290708696
0.31713896995096597
0.21721842158178672
0.4021078385273647
0.8655856677675038
0.8474034499515913
0.28295555186178006
0.8631635375633255
0.7368650129941731
0.7260665350398802
0.12429451952901972
0.17585507080225607
-0.00013391883738545114
0.22789620801915614
0.23897205270410726
-1.298678944561441
-0.8665749739829057
-2.0115505198182935
-2.4348685393158727
-1.089253487881306
-0.9011086089337873
-0.8957031362894368
-2.4033510792388375
-0.7682636679460648
-1.183095960820496
-2.3568452173750756
-0.39262770818136167
-0.14611284121723261
-0.4284307643020147
-0.5077017331523827
-1.0880805271396772
-0.8918104299130065
-0.1235200406199675
-1.2766097289242913
-1.7083742141945006
-2.375992978653191
-1.757372208345118
-1.9186564515428188
-0.7113618246390464
-2.6218973598207405
-0.8261223821611301
-2.1231961955730316
-1.889819203799035
-0.12652241972948144
0.9221247631041813
1.1122509545848374
1.0866027400308866
1.0249816315987539
0.8458959058608307
-0.5258915008022729
-1.5935956851060151
-0.6527059593453499
0.2200959020295321
0.7001917294405242
0.6384160720178406
-1.6803532210935268
-0.44549250076467634
0.48351727000625516
0.5141828434274457
0.9736736209265772
0.9583623996704419
1.0177745529170596
1.1047508802973784
0.9377481737627186
0.9905047761985285
0.8230326852450806
0.7622009292449673
0.7198999060712481
0.8060939654831358
-0.5951555439410957
-0.4563933481002079
0.233479959717963
0.8151939836638689
0.08640760672291714
-0.7237247527994227
-2.732535222104907
-0.784875711908755
-0.034408191702883305
-0.8453191051910517
0.6413989135857635
0.8402994533145662
0.5763198593560322
-0.28025795324664543
-0.38725064567199324
-0.4091095302983869
-1.0834887315306607
-0.025499372446324515
0.7181474021375419
0.612718037057305
0.6071081879758938
0.8907572331956475
0.7122768008036887
1.0316066341649386
0.4521183151167653
-0.8916015490950305
-0.2414279400960138
-1.310666255145761
-2.279095744059482
-2.2546836719413643
-0.604934706123358
-2.2048556676089266
-0.4134581281420679
0.4620096028538687
1.0346717468347075
0.793590347470572
0.5101462819999013
0.5686194510767024
-0.44971717661845
0.4780126882867082
0.6199594306419508
0.2677387205754724
-1.651329246006432
-0.334897246764317
0.314739780233474
0.012812702942762912
-2.7350142082292765
-0.46630174302532484
-1.8159022167842735
-0.38458223728760327
0.5431301631576657
1.0892411318392479
0.9434819005827229
0.6884294360061703
-1.9064155553927569
-0.33304678635225454
0.39739504103120843
-0.05448661557304946
-2.5143288068300333
-0.05071573248454544
-0.4310096567097186
-1.560863348354629
0.035786422529032434
0.055432263509543896
-2.2018343467804518
-1.9698647314881275
-2.5878551953116298
-2.3996523346675724
-0.9200139035563236
-0.9921728303105871
-0.5364124049052835
-0.5273915171473451
-0.7655137133681502
-0.843138072867749
-0.75022170180211
-0.3384228738574125
-0.69765905807673
0.04249510559155936
-0.06939816442591104
0.4594694444040089
0.2939001934318305
0.04930497714091414
-0.4571106381860223
0.05425193675829498
-0.6463347267378872
-1.6728099706505686
-0.21727986429957383
-0.6139483409151557
-0.7102333588664133
-0.2100275795667557
-0.8592414318936537
-0.5930987260079076
-0.04875971081815672
0.6894792171119101
0.9216910207221121
1.023786656941627
0.910482528498665
0.8213781513512708
0.15241701505236627
-0.041941576800289156
-0.01644252507151214
-0.4342072384407592
-0.3307255498766482
0.12764469520476118
0.15571269607986254
-0.02192404151141551
-0.3108130692435907
-0.046877470537342446
-1.9859375204076128
-2.7120471446245134
-2.6550292469109036
-2.7042475401108184
-2.767057220323096
