0.19035554965000845
0.21931016369787537
-0.19495310413550948
-0.00908085956430238
0.23498256917618132
0.07629285566208166
-0.24019507368457882
0.040039828758427376
-0.23029336902346476
0.19999922999369613
-0.7821965699039382
-0.7026905659640579
-0.3583779813692525
0.060648513960891215
-0.2695714133882263
-0.057122704121054024
0.2022950936439476
0.26234648733087207
0.26626695757521324
0.7213395556468458
0.7059349488846127
0.6375453905275892
0.9069751947881906
0.9267635680949744
0.904397112504244
0.7620912990998647
0.9247135671464761
0.45991794837383404
0.28733474840184225
0.15892091275839437
0.19395744989810781
0.5480555128743267
0.4453612045852138
0.5307557528283975
0.4471171938528653
0.2334261431529332
0.6105569244347375
0.45231972264733633
0.3743867718295868
0.5136095512622161
0.6609256422141963
0.970086255695759
0.6242001123450893
0.2631746451084602
0.26175389063237686
-0.006884181938534795
0.4398042284781103
0.6224439238351676
0.5860163466918835
0.4280334051024588
0.26500611952762254
0.25408337142276594
-0.13104313019214286
0.24382230193952337
0.09869156374273524
0.23638749401835213
0.3008934477124128
0.04463461415445513
0.7220976936585295
0.48064842147496023
0.561297565073251
-0.1298614879482871
-0.105631357060191
-0.12989233081237161
0.13176192547703192
-0.1848108418487393
-0.12852465917603473
-0.4652266015062021
-0.7012120668139126
-0.443631793107214
-0.1435952612807765
-0.683225260736338
-0.20716902329910436
-0.15470168075476476
0.3952190693353139
-0.35590201686866374
0.08357648855629485
0.4975805226037098
0.8429040702608033
0.5692817605185727
0.6484393073867238
0.8054942868393158
0.9263727829727628
0.49018974280755456
0.8949073404239059
1.0614375180000573
1.2297425533630082
1.2199058091026296
1.1607828754991565
1.2200408967396545
1.2334340560751955
1.0541762981668104
0.7928980494276496
0.7981074513566573
0.17222562338243863
0.25334212446272053
0.5501224961766114
0.6404898015879543
0.7642094174993148
0.5531068211065939
0.6762399200905405
0.7468411148597385
0.9150737499637756
0.6269584945514506
0.7858982992532848
1.0772205495884215
1.3246419697253287
1.0587928644540385
1.1758536146519512
0.896849762276966
0.888504408887822
0.7823488006944923
1.0061508094091778
-0.16749588433835338
-0.4420437401768762
-0.4754933099572942
-0.5085807368615862
-0.3710349440602654
-0.16098332607652255
0.1075617386734895
0.29062052953712314
-0.18679386955327004
-0.3161902119356861
0.17623108680670185
0.09057560644023255
0.15514176284047654
0.5299227500959534
0.6951974129778442
0.9622517807644595
0.5290545481201647
1.1682450722851692
1.5067679038770883
1.4589656867153944
1.3917193668321688
1.4149495298578336
1.5360634062458156
0.939341804600796
0.878428120269029
1.3647484215315502
0.793396344249333
0.9830526556792436
-1.0900364016824582
-1.361053776248109
0.24968695441774313
0.6818723882379802
-1.3546625010374544
0.4954773665088408
0.24643981336630905
0.5536477437431082
-1.962311988163783
-2.2982861663018888
-1.3956569852225813
-1.0779662513475923
-1.8977133432317101
-1.7652945569738998
-2.1798913465778673
-1.8461622866805203
-1.7924111014545103
-1.6542642040170157
-1.7889259146028085
-2.6350972124941476
-1.8430095345481639
-0.5384321230404523
0.014153151241395712
-0.2368623463596231
0.09278356662518217
0.746885773978323
0.5595785973358232
0.9970103926173834
1.1745783867611967
1.198738536764973
1.1195175554430747
0.5361244138393015
1.592917506305621
1.333203823246611
1.1481684487041655
1.2316125477462907
1.517123153961165
0.87613585763979
1.247678349217931
0.7816094355588161
1.5717594219429478
1.4438736116247841
0.1569702363719987
0.9039736371830585
0.8628757765402115
0.9983662738095553
0.2137260771399414
0.716108987122611
0.5121888802917818
0.7345826805699343
1.1280010608912399
0.849529571221689
0.4636015131977791
0.6408589635278741
0.1340445373396748
0.06035478170323527
0.11709192681485536
-1.0998334660978355
-0.09200339325995577
-0.3936791563239006
-0.08551461157678197
0.093926638277817
-0.34417105595741404
-0.6928748570326557
0.016305991257192787
-0.35112297963259875
-0.23132041986944474
-0.6183932181958989
-1.2314129852681257
-2.2873798215649606
-1.2039328517408385
-0.2786096538004297
0.07320799007677214
-0.071296662170099
0.3193467540058239
0.3851572398358565
0.2601772176234123
0.47473506115861097
0.5931424130595886
0.8485927066637586
1.0616336397295298
-0.37589548302392384
-1.7335424378505144
-0.762521166750564
0.5961402577785799
0.3026118589589859
1.0502727431756345
0.6368255625255772
0.03968701301629629
-0.07927269294005868
-0.9946642059570472
-1.8868153852932124
-1.8025544136757186
-1.1394223638587822
-0.68832382771039
-0.5249503509721483
-0.153278273840737
-0.18303735512345343
0.056686122406007566
0.4783626407047157
0.4712282019061478
-0.7017747634710259
-1.6752118611755202
-1.69532561016447
-1.4013642700951063
-0.909368273631683
-0.2852301388959595
-0.7233166003089253
-0.16467611819417494
0.46935084222102663
0.7309884501067305
0.11171721767457932
0.5349204626176514
-0.8664265284012436
-0.11988816051785989
0.405068270010009
0.4653406355104237
-0.4841934257755667
0.005903094935856501
0.23739204936553993
0.4022693220671134
1.1758749679569518
0.48220437259531135
0.2140388927056156
1.2814476966579256
1.363679030867393
0.6354758988854052
0.5388847229072269
-0.16772420541581168
0.685032823884089
-0.3314110721261798
0.13954192176662694
0.07736382411351084
-0.2404931269464572
-0.5369079404435526
0.05898076483414316
-0.621909180040233
-0.6946693373205006
-0.9445625774624444
-0.35970162315312804
-0.7773537801291632
-0.6498946914922437
-0.8493351558718332
-0.45967582586526223
-0.8606355320026813
-0.3373705688857438
-0.012741948878464804
0.01488306153394392
-1.3482033625784986
-0.2804344407875101
-0.6278829193484925
0.45527964715241653
0.7312883141704711
-0.01596321818397639
0.3550662028194309
0.2619608026665148
0.8170451057343291
0.876685937184376
0.9921543413293019
0.48130499630044543
0.7823463589379522
-0.030652161706780756
-0.6965662006902971
-1.459669302967137
-2.064006586573569
-1.3259541503645533
-2.02043185337162
-0.1544519292822688
-2.0710292108659862
-1.5964351189522739
-0.5562359023457795
-0.5080183579648212
-0.1284685825016605
0.2237525536328384
0.15865090534822146
0.5164230460015689
0.5663543276160454
0.5331057796833343
0.3984121002464587
0.02267097468644863
0.30665597942867207
0.6425042018166311
0.9356085807603978
1.6055758874633788
0.05285297245040077
-1.9008263276721709
-0.4685726310881262
-0.027760079362319168
-2.2231797790324457
-0.29185298885234756
0.2635965802156983
0.31196192158185854
0.2809716246509155
-0.2406573750037726
-0.2837737702077945
-0.03719199124417294
0.46569100403465624
0.4787846738209205
0.320185410010426
0.2205215039175612
0.12007003253012272
0.862319772492433
0.96541789627718
0.5062418207435879
0.9826303366807125
1.0753874453008865
0.6802795129536152
0.6160998326735334
0.3978412816499137
0.27399714028513467
0.3939286255344685
0.5154109953082888
0.760007203826222
-0.5773163319131651
-0.5322065758819234
0.064426841898094
-0.7140595054222572
-0.2771184846690855
1.1906521849138625
1.0504806229137205
-0.47294397529621257
0.2177926598315585
0.6145836349640494
0.43544087219889027
0.9169756178266395
0.7964838062980713
0.4695628451480611
-0.01103656037565548
1.1328704197385826
2.5206880932168274
0.571449020185852
0.864998925525335
0.9250689394236935
0.9302876215401752
1.0236710482772495
0.8566114754260545
1.026770221756495
0.9110770009514257
0.30427806824169235
-0.28748059402009707
0.2645376566757376
0.7025379047568046
0.7900293028629539
0.8121946013222838
0.13683035260917986
0.8236783369820375
1.2774915745479745
0.6535760659949741
0.8580821417527256
0.9253048961728361
0.35731973714343424
0.6620559768519234
0.5360799606304671
0.7628280529397888
-0.39430395109798066
0.14237919408038335
0.8542484158758521
0.7615776920464787
0.49099259459118816
-0.06032358730990817
-0.7772207823837629
-0.16497546494421034
0.1834459560542645
0.8299818691001399
-0.2344477000905667
0.03814075142753337
-0.025956424432012515
-0.5024775838849371
-1.451580858514972
-1.4449221162177222
-0.42207659294899624
-0.07078370320796923
0.5123869156481451
0.08170969702306685
-0.5949126037177135
-0.47300418419323265
0.0375929505350352
-0.1425519322691744
-1.5322194285031654
-0.43553373785150473
0.14536245041529616
0.06432468866062013
-1.2270440779869545
-1.2938659755498683
-1.2464786151803342
-1.1383396623926243
-0.5623385571183284
-1.134718485510768
-1.8793937707075394
-2.05886150234738
-2.062470065125315
-1.6833896317750925
-0.857204682386651
-0.48387523904302343
-0.08138958739133528
-0.3728111035710975
-0.44217207350865495
-1.306398534797587
-0.7224252236461615
-0.01231078345486436
-0.8582021687650687
-0.6749022163221432
-0.48688289661515194
-0.05070831246440122
0.525327996360998
0.01630050356752699
-0.6679483159718309
-0.33420743759559945
0.10331087047488952
0.5675346759816535
0.48369767540649455
0.5571193218035018
0.6466169844407053
0.6646113652997996
0.6308471785040513
0.21571486290272546
0.6523379688981241
0.51359273454861
0.3200681272735171
-0.9631977883210407
-1.6579136208285257
-1.351429851201877
-1.3644222143603473
-1.673164432661389
-1.2145920627558633
-0.211405343283797
-0.9787466797419992
-0.6949094974820356
-0.663746517628387
-0.5706640084937686
-2.0812522505616444
-1.254875716940624
-0.6485623624862602
-0.1600427062692673
-0.3237554906507061
-1.4273317984252758
-1.5125490989749433
-1.2303600017049203
-1.7176239985806183
-1.7399133973901477
-1.1232797617735353
-1.8248570383808906
-2.105437433113957
-1.2643800404886825
0.22983388093640356
0.30333123686604546
-0.021357602875658355
-0.18942708241276573
0.31089487096271373
-0.11736871682902983
0.002346926740410371
0.5304911447093774
0.6022956261777215
0.6027542205339365
0.7360898462111258
0.5139987763754785
0.8171535356755002
0.5653083088571336
0.46002805577697137
0.5606648880998848
-0.10372276906890665
-1.700860887574203
-1.045459023349545
-0.6361651183126842
-0.2910221168908884
-0.2592053634439946
-1.4475829690216648
-1.0558100898648168
0.27632971245114435
-0.41361505087421646
0.5246042545199456
0.7461794146285787
-0.4428194084031607
0.655700109118329
0.6161062361861105
1.0071297855192265
1.2850585185024168
0.9194965781955471
0.8785666765269888
0.718342426015885
0.7630615756428414
0.4449449775780403
-0.3437402147505977
-1.6624064655574666
-1.053792880295822
0.12456588199688134
0.7236132528010017
-1.2831139390842017
-1.016013676644008
-0.6119729788051762
0.0560706257443937
0.2937237665451522
0.2261304268443869
-1.40462949844176
-2.1252438483269955
-0.5589763754694865
-1.6555797607527802
-1.1956766819168034
-1.6962650408715378
-2.2943343684136663
-0.9836753096190751
-0.5604552485599692
-0.9934482166201539
-0.015305778766169897
0.576432864901101
0.5575022031930059
0.004646503520020939
0.5274674641554875
0.5136079989472147
-1.1778604043526724
-0.32756632420610776
-0.09888232428784205
-0.17260278663098472
-0.8166689904536257
-1.7404298678439987
-2.3128951720308555
-1.908813340164778
-1.4727888737759696
-0.9015544337628634
-0.4311283003109261
-0.6110300569122273
-1.8069293975319434
-1.277891313863313
-0.35032053030208754
-0.11271925226926482
0.15592936184239736
0.5663380945764547
-0.12971983943288246
-0.8982872696581357
-1.0431631136925472
0.2567756066226363
0.7088770014052401
0.26565662078833174
0.5642649615444455
0.2091429454108833
0.44957244155791765
0.07983494369948962
0.09991268094585681
-0.14840464589267333
-0.4253243870230201
-1.3417152553230054
-1.7215974163371892
-2.2125641613018194
-1.8556792934146005
-1.0630640813451266
-1.0310462116759138
-1.8255033004157077
-1.8993723848204462
-0.8743338206226161
-1.6149946535618842
-2.101553857314844
-1.5539300849148179
-1.8318980302777779
-1.8066366142588812
-0.2794364071762061
-0.7164484516987559
-0.7022533319264244
-0.40663634592600717
-1.0348637239692555
0.1869232949512174
-0.07075052364858125
0.5058131754914283
0.9033611517199964
0.8935833484529501
0.12652873700372513
-0.4557180987371954
-1.0840354962327456
-0.41614952258335514
-0.13182727686680584
0.27215691122887886
0.025089226766441097
-0.33541031297140256
-1.2532191785664097
-2.170896964663988
-1.2577184389969993
-1.2637182679899077
-1.2321024661977933
-0.8999105651045649
-1.55801755735409
-2.3012535570533164
-2.8217958994125425
-1.5830026103092303
-1.0279958318539772
-0.7931158745958764
-1.854289543329566
-1.3762223397192594
-2.0384185894661546
-1.865001697895349
-1.9883272446647062
-1.152440726562087
-1.2770685172607463
-1.8271111273362344
-1.8335647177469665
-2.0863651690443072
-0.8453903196186228
-0.1660659434253584
0.381281077500887
0.2579146987089991
0.2519654145445007
0.1424855389607278
0.4018339659718655
-0.037717991571306175
0.14695761455750933
-0.9389057387058519
-2.4167063278004073
-1.6740207882623206
-0.7558849938514594
-1.2352371099787405
-0.8930985255417505
-0.8897010972326258
-0.38022014393452297
-1.1047676130487722
-0.9803289120474821
-1.1502049790291684
-1.9552820712704242
-2.3292566597980935
-2.3146420255533755
-1.874443165631203
-0.8570352482117081
-0.5523448323085365
-0.013818282524435066
-0.11974946698945921
-0.017813774504992885
0.1532301761527486
-0.5500910065153302
-0.09678243928464259
-0.12668742505157704
0.41191051248063104
0.07291559940871872
0.47832653828912264
-0.21847935335266389
0.3193479331355533
0.39370458775508954
-0.22585043231733692
0.09864773144047545
0.22416236296200198
0.3315628673563711
-0.6615048265339922
-0.3523445309236557
0.11661793534753606
0.2209673329792876
0.42615845299464583
0.43373725664709895
-0.05320461195043613
-0.47110169802833823
-0.7959451888340792
-0.5392388662845331
-0.3285530310472349
-0.3128486838037947
0.2122068816768632
0.3154046011468563
-0.3278802374567049
-0.49558731865282457
-1.8004982258686442
-0.10389723061613143
-0.4209115413922837
0.2534742749936645
0.10154259509272068
-0.04337514944714682
-0.752699946671139
-0.9265248475461243
-1.0638111667592627
-0.35526561871565976
-0.5567455470491502
-0.315811003588474
0.0701105365072845
0.2710926635567126
0.2440828944644977
0.06959973551823628
0.1874531230514016
-0.04054343665341387
-0.0689567549887542
-0.2549898489554523
0.043011213880628674
-0.031977255131755644
0.09839992820354437
-0.1250766959413374
-0.4391981842765196
-0.0009760941621310693
0.23031216269105448
-0.02762785361872
-0.053108208087961906
-0.2372877224214056
0.2591184941866618
-0.38854110714061685
-0.16426610507969874
0.13201400846884992
-0.11342947900817713
-0.8388361590393989
-0.518630844229734
-0.4449909119725257
-0.1599011326961799
-0.17246191210374429
0.014661716141292302
-0.24228046342792053
-0.2532441557388281
-0.313721741294561
-0.5951324590589393
-0.7750619557651546
-0.5580214540895221
-1.295298785972402
-0.21494427444561248
0.4710845982751235
0.5365320198944783
-0.26259494399212935
-0.8317423354586166
-1.4401885498813412
-0.6132059350867389
-0.349019181930982
-0.26704822885396373
-0.356108740630785
-0.0979753540455306
-0.5473259070554053
-1.6484268616478495
-1.7520979987382996
-0.5860685885647423
0.09036995577324358
-0.11764358304371791
0.33659085835412794
-0.04993710747341318
-0.2977706279716479
-0.365435492257872
-0.16570245903652436
-0.07745243602995844
-0.05888900779627049
-0.7010092290707783
-1.2358457182679659
-0.4163645432433287
-0.558513004248594
-0.20427891270902343
-0.24523164854465662
-0.5630102200522278
-0.2701752540023268
-0.2751096790720582
-1.7883695539232913
-2.0710169042679185
-1.5657400372707577
-0.1382345816396846
-0.061845418998079715
-0.34837146537207797
0.25669795811572804
0.3916382373666054
0.4432614437922311
0.024685195483812983
-0.44476638895980036
-0.6472788206583724
-0.3846573065623602
-0.9795264499571368
-1.9448123609696062
-1.6252055466680706
-1.2956072494170663
-1.1944512458120078
-1.5196960543936084
-2.170782581623767
-1.5527876196636663
-1.771398773007274
-2.337780619649352
-1.2705750309575559
-0.5332763576620607
0.17639056477915327
0.09906144276383211
0.31929475405785146
0.1471100523512443
-0.025649825571716356
-0.8153191923198349
-0.7407156959370602
-0.19207188163314948
-0.22685969537838702
-0.6302155304502302
-1.737764551078351
-1.209010815088066
-0.1755738873673902
0.12275178157082989
0.6095673633713683
0.4696176864488626
0.21786190237478698
0.4976591188199251
0.7341361693490236
0.9342288893181432
0.7102955154797992
0.3086840928226886
0.5523015913610427
0.6804918839805802
0.7386058230848223
-0.03644246771083948
0.30229235174022495
0.31984043057322253
0.4213283583879721
0.34692093279501046
0.19545388119764118
0.11899530165362648
0.42574142646397695
0.3168545689335365
0.12370661263424898
0.5852503871711443
-0.134755693382548
0.13923463732338082
0.08122122446807811
-0.06090484144334951
0.3039870531115185
0.6267074340846626
0.5357802575480108
-0.033410636600095245
-0.4213843547541538
-0.16512998096403608
-0.8136721382313246
-1.8181775841532264
-2.392129180281076
-1.2374524007127148
-1.3478797889849832
-2.2847957747874603
-2.5978371541696212
-1.241576195108689
-0.20793846934618232
-0.3909177962920132
-0.07201918261870377
0.09435372089119332
0.031059015452463257
0.04611714534288058
-0.9430422628097987
-0.8463579278605371
-0.4200302354627006
-0.34918801035180813
-0.2903959203487001
-0.24985868608458395
-0.9438630227433995
-0.34565955740472454
-0.13759865196916055
-0.8031962074907799
-1.751159880693181
-0.928892790306248
0.37350543350560717
0.13895460805872872
0.13014750365602357
0.5144073769331938
0.8361795631026796
-0.09183253621507292
-1.2629716807460682
-0.6200402176550566
-0.1438035462718421
-1.1650898815500268
-0.4312643811919701
-0.03167374952046664
-0.19173453259318718
0.22706633242157626
0.18279185007578347
0.13198146593086957
0.29205785169160725
0.26070306646604724
0.18854875125330928
-0.09513604118986096
0.3084995356836733
-0.13712564664069316
-0.055593037744070095
-0.1856238164533628
0.10190460490850173
0.010379271216155672
-1.3330827136897032
-2.0708094188888806
-2.2473189766739714
-0.9798118346282658
-1.5204872686889834
-0.28541267713444896
-0.28412385232923487
0.26573669783371257
-0.00813749258725327
0.222281213226458
-0.1891430136328509
-0.0788126363700874
-0.13920010235900415
-0.012778152192891579
-0.9127135643685367
-0.495605120292824
-0.633253469271196
-1.267510843304755
-2.223916923565908
-1.1917950931656698
-0.43413213925178695
-0.8725745311238902
-0.7146871279370508
-1.935639937734165
-2.0796322001442533
-1.5333225176500491
-0.4005649227470056
-0.4564856582683938
-0.12069922732090843
-0.48961010302966734
-0.42633754899641163
-0.4058183606683645
-0.26028691025653306
0.015098998624978321
0.22228465812304998
-1.2958389657863438
-0.6231310071719718
-0.015388266442866172
-0.018949377051030947
0.1647760166348049
-0.43765121540987506
-0.6681064425645991
-0.8073772723720434
-1.026779933237065
-0.721641698533471
-0.4397264396912415
-0.3802541903242469
-0.6546623171603656
-0.0639855818085775
-0.2446269679623323
0.39345342013054685
0.7738892072403005
0.6439617761910781
0.86596538188721
0.5860317176484839
0.8377094468806643
0.5065042277794518
-0.08335186975889997
-0.2262167897688787
-0.11753558144288512
-0.7508654645225636
-0.06222480237710126
-0.17787133044290693
0.012889524801149577
0.47791548308197873
0.3092846151583588
-1.2205764845531815
-1.880221983228928
0.028795951428804756
-1.2350844868654702
-1.3999361779907669
-0.6772573637125152
-1.1867097270571774
-0.8874330115989346
-0.4034825634620458
-0.33697184101380095
-0.4942937448775311
-0.9995002998964979
-1.2480404896278543
-0.7141823377095622
-1.7106514841778506
-2.2387136580484674
-1.6818001370491658
-0.3659623979911091
0.08635878980714029
-0.1023491566380983
0.12552656799072004
0.28469966293402393
0.47451723057150197
0.37483270555060866
-0.18782993503978807
-1.2491569445215573
-0.2167361337779008
0.07557285735753227
-0.007035091698138984
-0.21094541669506883
-1.1266912694569096
-0.4739868570726098
-0.4021939070795373
0.1841176765622765
0.41867531750489784
0.028352807264012903
0.46670218731869495
0.24050285805331617
0.3044147480192816
-0.25985897887694565
-0.7674917689815799
-0.4687157267963662
-0.6451995329373679
0.05142911352983237
0.030137601347273613
0.5015469161419062
-0.051286190039010915
0.4641277971360078
0.7667820977481581
0.9327547454127219
0.7474545783643065
0.8465246489308735
1.1757031717498436
-0.4312147835291076
0.6617998363221327
0.516959063364494
0.7187240376870259
0.27452161704529887
-0.058594263313994865
0.38400971262345784
0.03384311284251851
-0.14744352470154176
-0.44339916284989256
-0.27602031568084584
-2.290327378842128
-1.6000479804119847
-0.3057282116313842
-0.34940093319906174
0.12433716882360324
0.2683278725388991
0.5124457059675129
-0.7784932588514453
-2.1428961869925245
-1.1648967286053047
-1.6568827266816513
-1.7357806206558783
-0.6721510719458723
0.23994243236396917
0.5697866684625046
0.4369741863181251
0.3089648420550519
-0.44909322575414423
0.1167069464329642
0.3760870219922019
0.30211531499988764
0.36048451831378525
0.5905246324188718
0.7840833168502033
0.3986379146198922
-0.19867311242493413
0.05913006232737139
-0.7281758522288322
0.06793728191082993
0.38693101947898834
0.03604195682067868
-0.8528482773759605
0.3279257305736021
0.5546043738768236
0.3032201411099096
-0.6537137997000015
-1.1378500750643477
0.5197348850088575
0.9416882009397716
-0.13126453362573187
-0.6367834345664782
0.24274542991265413
0.7247374811488871
0.6891094161735754
0.5437852897423099
-0.43010159637137546
-0.18816164966402038
-0.1340054969788511
-0.05614064079791392
-1.6145831599410279
-0.3045922973669444
-0.25067649687429316
0.3337590804279498
-0.04019363248016994
-0.6292700532031539
-1.3385369166493615
-0.3561262994464993
0.49325302936932447
0.5565821125799042
0.5940948441872362
0.8539067583807922
1.4999194921188397
-0.20211483692367693
0.2548682978518815
-0.44668863338016873
0.34648453596109885
-0.2813808089354648
1.0819518640724324
0.7117944788399768
-0.6383194053631152
0.06907556120072877
0.23450381854340918
0.07528755367236561
0.3617626845491677
-0.316426918838002
1.0319157712476104
1.3192022216066994
-0.11152570620586344
-0.7383047147371857
-0.8969241505980372
-1.2577083285757393
-0.8379969031527614
-0.7353684804862031
-0.18156106467864008
-0.05045947523495231
0.22908322303545559
0.1915458236962846
0.15123245844387778
-0.5142927285559726
0.3127621364236943
0.1449799763168409
-0.22418518075079685
0.2816767721214033
-0.07689871477783772
0.6172790472040641
0.0455291069282131
0.4579314148137916
-0.5177391216646683
-0.6787350988727958
0.003673528419535721
0.009323292451244747
0.13207018317629426
-0.36919199011967985
-0.6569676987763393
-0.34466546997875147
0.1824381271908031
0.48144945709889164
0.8164798749366082
0.5139558211336319
0.19883202192402027
0.6702101802792839
0.7646461146976198
1.2654931212636469
1.0264934931938399
0.8035717745724638
-0.823519923688407
-0.0801109101691968
-0.5410940239035176
-0.19489019497047488
0.3632359071696989
0.5764188172213442
-0.2894101622166598
-0.9277421067641745
-1.578604481654184
-0.9208673640120939
-0.07251107942264268
-0.28945455616915927
0.01755561532526473
0.18453710090395825
-0.36346433919332144
-0.39771959051787054
-0.16737986315268838
0.02851280902025488
0.1988352640649329
0.5574457575741483
0.2908347706618386
1.1119281995589967
1.1892007425664697
1.0839093438534042
1.0682189982977106
-0.29336242123989065
-0.4639710411382034
-0.30564202702135335
-0.0652592732086199
-0.38459530090764726
0.24210164299718695
0.7128400228093028
1.111381501166544
1.161984924132859
1.264794408163986
1.2223150915568088
0.49915681547814383
0.9181758876633928
0.8158315105367313
0.5955276199030513
0.3858331014395078
0.49339908567993085
0.2749549398824258
0.4595967037250026
0.48247075142891305
-0.21035042161537376
-0.1913416512662134
0.09450297754658177
-0.3865379259114592
-0.49041041478074243
-0.4620335617642395
-0.20574575024697728
-0.8688413225745693
-0.3531718113974627
-0.03617530502687494
0.18741583110161653
0.04419207034065531
-0.3019145954034421
-0.10184647313359108
-0.04668443216966445
-0.5479448597887435
-1.1651913450548037
-1.4644577582484888
-1.1226484496813678
-0.7176287157583583
-0.2131357514894172
-0.3697648765642354
-0.38660134449809913
-0.6331977411349152
-0.7442666987246485
-0.4694323644664018
-0.24620656361832616
-0.10559151994315163
0.2929899596988683
-0.13262236024938767
-0.06654375056881445
-0.2330825591370611
-0.5423420034531703
-0.2664572807331993
-0.566973425467908
0.3417007224796511
0.46735991490315687
0.4880126047464177
0.507487877713368
0.5591877438392316
0.1240279220990037
0.5368627117336291
0.3976545994598166
0.5992759766872013
0.7850099757056577
0.4977506321657468
0.47999055410621994
0.44014809905650276
0.2737532036833814
-0.37827147197219135
-0.37772174208670695
-0.08685771785234087
-0.3882890237851684
-0.15192126194602507
-0.08590020297559064
-1.4071266981089836
-1.7288396336954406
-1.8098391466679802
-2.0016624144230653
-1.878027807467732
-2.114120727370582
-1.5721488773687564
-0.6434451488322006
0.06603744437852255
0.17286989677461717
0.38087792023010625
0.27024653541098553
0.34930048866980323
0.5491507709565537
0.6517452822716963
0.5691234312951718
0.2036177237123118
0.26118762938993223
-0.01050325909242833
0.3851558526995844
-0.16306208277780332
-0.08580333243079652
0.39203499974423117
0.20768333116927495
0.07212712991442816
-0.548516546780458
-0.35904671295134305
-0.14575204569306077
0.3426733122796759
0.3587460753660725
0.5410973000922157
0.5262799914610494
0.42107261581519095
0.3965854353016742
0.526461191392936
0.46305211530808954
0.0285910914101839
-0.2684070872722506
-0.05760109630141086
-0.4773181160184392
-0.3426652320506176
-0.7048290470866099
-0.2921907672950588
-0.7481581810280589
-0.5273540265249919
-0.6863239057042936
-0.8550101425103078
-0.6894629329264981
-1.6460071466580128
-1.7873373129993337
-1.6844713279063133
-1.8753130360331562
-1.7273166347492015
-1.742677852412582
-2.264545933937793
-2.351254388788702
-2.3287301741400874
-2.620418576592975
-1.8319037986409046
-0.9678037212839308
-0.12844711851898882
-1.5319272950247038
-0.8052394763285906
-1.5083197762351523
-1.8431310589914496
-0.9494281281783938
-2.0074220965750396
-1.6153654089143574
-0.7616223121190564
-0.1737694895568369
-0.36071567574994035
-0.8359007252348294
-0.5811225450606372
-1.428640776706583
-1.3404342114874228
-1.21122227599
-0.9117010991593197
-0.8907780558359688
-0.6792118284350721
-0.32226914158705355
-0.3101199526584266
-0.512861273772621
-0.10347790346294916
0.14988015866870352
0.39701846919849126
-0.00013591326177042617
-0.1659074748760987
-0.397048761173318
-0.5135662153342326
-0.15562562229812826
-0.3124715425149125
-1.667139911268063
-2.091307797707361
-1.3260551565536771
-0.5292244602065899
-0.7087140686868922
-0.6429601456048499
0.027351782498105326
0.01917933674342498
-0.01343299228989947
0.2587781170263521
0.17917737463751982
-0.8790429464319567
-1.8456964719115199
-0.6985887995390394
-0.11099102073923905
-1.2191205066339348
-1.2508655214699202
-1.5099509794166377
-2.164353396939763
-2.1038851387814805
-1.5647024747336706
-1.478056660350675
-1.2385499673836617
-1.0839390262928579
-0.7585639043817141
-0.4986444455914767
-0.09401387859930299
-0.711754302835784
-0.7592024112273026
-1.4017747596940584
-1.0981621697299424
-1.3695702324529244
-0.4037362917425127
-0.4267627201644384
-0.6619418461242885
-0.29815975658038507
-1.3580570751908414
-0.5710864306513104
0.03510636118479349
-0.9975493899178292
-1.327653295668096
-0.9428298985743506
-0.5249205328425037
-0.8175428921233512
-1.4854148319847795
-1.1652311494514926
-0.6811167947173491
-0.7518476093899555
-0.8894995180510952
-0.579917692466168
-1.884482250829377
-2.206836160262698
-2.4511557314839787
-1.3230103582734076
-0.5740577515960519
-0.14857786578688037
0.29629191362590346
-0.23664508606213097
-1.3939812330891461
-2.3162134108852617
-2.4701499112260077
-2.8878851155312173
-1.9630216298702976
-1.726862310742995
-1.5808088510969585
-1.5949241078403362
-1.3286563890022303
-1.8239190569971426
-1.4377491256531827
-1.6420014455365486
-1.547597723643936
-0.6335689532542368
-0.15088287133389366
-0.24802033209976315
-0.5660285668070819
-0.2410420151826016
-1.1206067509404172
-0.6873622612103656
-0.43900583664838866
-0.9977240705881423
-1.529145425240032
-1.946265818533363
-2.3401541348611
-2.3273337252440824
-2.232313430173369
-2.025677368731772
-1.7043450905568607
-1.4395587788853532
-1.0615714132773282
-0.8698137219672248
-1.0814772444996308
-0.7182809178313287
-0.3908381592104697
0.06464046536376156
-1.2031402525857424
-1.3066546101121042
-1.6274548546451777
-1.930858573215915
-1.0257832799957949
-1.0977656626648151
-1.5913498077520072
-1.4376593365241914
-1.7355205173150523
-2.056771448503145
-2.04069782996146
-1.6014476854353081
-1.1861286445540091
-1.392796582901634
-2.01270104632836
-1.6243891047058587
-1.0259343857374563
-0.738650684360715
-0.9723697671181482
-1.0421057937798448
-1.9507081104266435
-0.784008675073157
-0.4793929866413196
-0.2635365948384658
0.03993026251657428
-0.3456622040421897
0.14278856022514486
0.6422332019611168
-0.24625438230919805
0.39239314502555267
0.48159594579097087
0.46891249402148905
1.1799556963287965
1.476856884903079
1.1642817190239798
0.7100077082523795
0.6768344371582695
-0.8411665928827174
-0.02881899569311397
-0.6952552314301532
0.15902996608628595
-0.548777873140788
-0.2140320193058285
0.16636221507237048
0.8064741386203393
0.4620163501512211
-0.15313541814145504
-0.32253592583029844
-1.07924442600244
-0.5380528719186959
0.24903691080545798
-0.26092621169941443
0.11374646386636122
-0.3374328297099267
0.008488463207519281
0.5687145042889172
0.5869453351378069
0.3605103180900202
0.5482994491591184
0.25666992548473644
0.562505138828933
0.1800088344612103
0.6243033575824204
0.750024116083122
0.3458563996540214
-1.3216042451599375
-1.6502054344569206
-2.1216663150579445
-1.128812426537243
-1.0584662168863184
-1.1117091581911591
-0.00237092408558226
0.04390595404732567
-0.02604144740829506
0.3621733290974065
0.34116911320053633
0.8884140527763291
0.696734603163967
0.12046434908543313
0.8067176272876679
0.2924638514031166
0.36034363740716735
0.6255074999635646
0.6995471029495186
0.3637236261708172
-0.0033260957355123466
0.31706815136992095
-0.8135532969595882
-0.4406787469784228
0.06634116742702467
0.1464683952204866
-0.04101514514619087
-0.16543994825267117
-0.2571907303982206
-0.1582581219449657
-0.14463171428771604
0.2649661567837791
-0.24073425237466717
0.5609050387780976
0.5434651744706218
-0.8859555261042065
-0.13718107937703916
-1.542343094214885
-0.8944568979382761
-0.14582144012035325
0.06947565338342088
0.5625318100477985
0.6709623210918791
0.31400228225292226
-0.30056766771357246
-0.10028110075889307
0.6488646724001388
0.6591467626753476
0.1402668350203542
-0.814521428663153
-1.2713128237860944
-2.0573335786106233
-2.320025784005169
-1.075364444815523
0.29679180586174025
0.5445822690602031
-1.2009695169238395
-2.3599653449255955
-2.083415233092259
-1.3207207246917632
-1.0041817298887263
-0.5992793235883109
-0.6119556644011284
-0.453476092003783
-0.5541120013614313
-0.1779162608987357
-0.07345369340837138
-0.23552166152387244
-0.06237119607342967
0.03438069257681864
0.5945339568747414
-0.028038107878822327
0.347181915378282
0.8183456730393779
0.6237637954164468
0.7710247022291647
0.979776850291648
1.0874873455304774
0.9285423406952771
-0.164241009728602
-0.22870834766837822
0.05528172896318617
-1.4675593985258018
-1.8933092929069768
-2.6025184832886845
-3.049370446340295
-1.6446070212063881
-0.571145032674353
0.268194275108276
0.19163069746266004
0.5656547558174592
0.9077115060384484
0.6868691653069043
0.518565282009595
0.7486997487180878
0.7061315547581342
0.9132913706685222
0.33013777194562355
-0.09789675360623162
-0.8772257523244975
-1.0943411066613555
-1.7125723816949017
-1.71888547274859
-1.2592794524219697
-1.0803694925010823
-0.9735330128794404
-1.6591356761156097
-1.2011017865097269
-0.33290419857529274
0.2581479492199752
0.9025052365679112
0.6678119464496115
0.08393715159778292
0.250020405827045
-0.37060885106670716
-0.30186741808708417
-0.33543564905568246
0.38349278821397137
0.35929827657094204
0.2800331296160574
-0.1372524626421332
-0.8027836614828656
0.41726396628264784
0.5844428337186405
1.1040432971299823
1.4957222444143095
1.6620582862289308
1.3817176266957243
1.4578250872629108
1.2039965288457943
1.6698855036211415
1.485336879554446
1.5945600463446499
1.557408369146391
1.7814635217853438
1.545342704286154
1.6233259341294093
1.73903844271655
2.4016715668701054
2.73402087793839
2.3394629826932216
2.7101765215828757
2.460036334148661
1.7231959831932762
2.0889337757550774
1.6670193299275575
1.3339283619890936
1.6731156628188102
1.4151900223176175
1.7124796590600568
1.7188004187023433
2.4189219819956764
2.7001566916793434
3.0739818399535674
3.0713124040855253
1.7047985638940824
0.2561674646006278
-1.7175521713494792
-2.2467907400987865
-1.724053145827402
-2.052823975348992
-0.24720277607302332
1.1142217495339946
0.7605106257783865
0.45124134256968773
0.9065089099938253
0.9680523344806993
1.002982834456831
0.973874236325162
0.6900216860585116
0.3951975008722082
0.5335614238610322
0.3940822043072192
0.7710840480797345
-0.008604059147867993
-0.2038520833164803
0.7156063301470117
0.8473620895749447
1.0022759049758556
0.7450161534951567
0.7923296826718706
0.8000062455334662
1.4669589495076258
1.4051301868543749
1.874821449474172
1.5822119810066932
0.7822943930494506
1.1486982164380684
2.028701500669183
1.6445151805688583
1.177456451495877
1.0279112555796788
1.025821765339776
1.3875220314731016
1.263817982434524
1.4610042706352568
1.869813791776418
1.4403221471195597
1.593388463698171
1.7934789453481925
1.9336687071008618
1.083884715350366
0.8128576436744237
1.4293284023658273
-1.311790802216748
-1.4845226764141295
-1.0832566545378919
-0.33803159487448653
-0.6635191648929522
0.17753618704668872
0.6617379403233712
0.15635445770915624
1.3511106782794617
1.4079206159569533
1.915234065134571
2.1455828564154564
2.145828076209169
1.592669139662393
0.8367690574330076
0.9866788119055729
-0.32048549095156575
-1.2797563755041996
-2.3565178555304023
-2.094420271749865
-0.3651190390350796
-1.9202301773733423
-2.154634635463225
-0.9961296292665434
-0.7972252245648987
-1.7561343602356068
-2.579360565411172
-2.0150869359786103
-1.3807350233367597
-0.7105100260722912
-0.06010267445307349
0.020529789088802097
-0.16695689508040878
-0.5277551536345997
-0.7258307513019209
-0.18904688092276745
0.4862706124930587
0.8079239571186045
1.1975809113319849
1.0846626222110651
1.150368567843148
0.9711264171015928
1.085022709756684
0.40857225165459665
0.6977805156502885
-0.24549757326732546
0.304640222620435
0.5822701248097992
0.18919072698078887
0.7937951396126501
0.9622917949354499
1.3200002461944789
0.5908520894264009
1.374114310584614
0.8597153341167649
1.0199355138556103
0.24835927909936828
0.4943454866881445
0.24083925471689582
0.13635895221527106
0.04962701844002426
-1.4456436193708384
-0.8266277096142229
-1.6846691196596808
-2.1711772873664366
-1.1846037949062078
-0.6026179151479818
-0.42896720020999046
-2.29843800631846
-0.8542828569046212
-1.2287319163188721
-2.2154671389089473
-0.7287260618410945
-0.27888481785916097
-0.45032863846990834
-0.3209415207443924
-1.168339781209553
-0.9187703921166623
0.17508593651562077
-0.7516501789761101
-1.2177987933229022
-1.8648868782271566
-1.330393615509498
-1.483247678692504
-0.44931884003873446
-2.3870818380841947
-1.0852152238463693
-1.5083587595450259
-1.3273439478540927
0.28913281290261583
1.5616030202906228
1.6522698295947875
1.873899234920032
1.3409626391929659
1.1033363783052939
-0.26930561355263194
-1.0376531208572994
-0.46407326791538717
0.8605912533689062
1.267848737822304
1.1141264772570256
-1.0041953309700313
-0.4584247330922615
0.7624067747862138
1.2000473868935413
1.4716246362185497
1.3201298197384408
1.4974132341564936
1.5973348267521144
1.333310409465715
1.8470875088108776
1.4910008490636604
1.443320024061563
1.460735629228234
1.0175163996597356
-0.6615695525134866
0.21802380586647008
1.1354361894488694
1.804794008795469
1.0324863386845835
-0.3646567411402408
-2.360118893741232
-1.404179189996678
-0.451786519444775
-0.4218062227910262
0.6041808842036107
0.6360570050520948
0.46080366485683344
0.21553959988827875
0.08203994809027026
0.08013645644880985
-0.02222393286501978
0.6470146745141325
1.0154848277204533
0.7982551847379633
0.406248500485368
0.9136517826198052
1.3998013732548595
0.9833713601488805
0.557114291199241
-0.613838997673422
-0.47403807424892497
-1.4621802633103311
-2.014895688660553
-2.355088153212012
-0.6755897558048272
-1.6720379970829378
-0.25238698625013356
0.5181607937477057
0.9846813377216397
1.0582665629141839
0.8282403309477853
0.5817537146937855
0.23969347964639942
0.5687194337417503
1.1190672965599209
0.4420841043511037
-0.9596475779729101
-0.533898760779608
0.32621111751746756
-0.42028749751884
-1.990159031058575
-0.6809726130568414
-0.9489135274998433
-0.2679357035707861
0.6577190118118494
1.6145923084073472
1.1016888638773432
0.8018025144062797
-0.5022213878798407
-0.5244618939940429
0.6242230743228387
0.1594107519124779
-1.7914148087298032
-0.325835452630554
-0.16052035022607658
-0.5191580590694609
1.0460576724589403
1.0145141770080754
-1.3827374186469519
-1.0847856572873886
-2.5893188401597875
-1.7907839453552528
-0.2819063216241524
-0.8771899124720839
-0.993001523008747
-0.4985099686907848
-0.22709600027117238
-0.05403170947215008
-0.1717278889497562
0.021637406517802216
-0.6946363118072889
0.2587189940983854
0.17356537618021628
0.4672354538982164
0.4576751119968723
0.2659731046724012
-0.4899099305685284
-0.18467421410300933
-0.4876485945674811
-1.452988791608679
-0.48676409478743343
-0.5836162028868963
-0.7453049603360724
-0.09062753622147479
-0.8875804789789421
-0.7309643705819409
-0.01798436296244077
0.9149497266152644
1.0903246425458413
1.1897681533173743
0.6874755724593831
1.0025338767297773
0.302091398881307
-0.2280057800714772
-0.1870325767580563
-0.47335614586257213
-0.5650443172709827
-0.026887001328828042
0.3956431180002289
0.16562783739813414
-0.5224864920070127
-0.43393934030300496
-1.6179874137017918
-2.6601970941013704
-2.4468893594131336
-2.467408777550401
-2.127118968899581
