0.19039635751389422
0.1676464043316207
-0.1533968055290666
-0.04188353094905453
0.17984065293953566
0.09650597818675916
-0.25300964391979386
0.0769247316517806
-0.15396400513119524
0.1958867884006515
-0.6906299063767891
-0.7427964403718288
-0.45491995232108207
0.03164655320578169
-0.1830724957158504
-0.0755022154256812
0.21046277702745286
0.32148430278804824
0.2985526968778351
0.650858052059806
0.6158797484714025
0.6474210482320448
0.8526377318782161
0.8758626274875978
0.8319714058358245
0.711988267130808
0.8865644072190451
0.45502675668051723
0.2873914059529776
0.15503863496143788
0.21809623512451692
0.6035657737795848
0.40257066915642375
0.4671055793577897
0.47277498864802797
0.22335300265724073
0.5482362898929578
0.41373759665017323
0.42410547581989216
0.48242062491786203
0.6189892831096877
0.9201912831159298
0.6298249885726441
0.335466186819995
0.273755630412214
-0.018250099263078218
0.4076753049822685
0.6158564193730747
0.6125348419456984
0.47338936904702217
0.3486051720281202
0.2776837210228565
-0.07246448798680072
0.27233242489867976
0.06921930837695744
0.23167262309429526
0.32335286338144126
0.06644398074618779
0.7338410847672368
0.5116064047182838
0.6282638501470525
0.0001730467913952094
-0.009976594225546559
-0.0038850650531536413
0.23988946475252348
-0.14351233000207758
0.04522989036099623
-0.4297334173575629
-0.7379157338256611
-0.48715635536886603
-0.03951669384684112
-0.5150113957311524
-0.1596314973713881
-0.13862077738497283
0.46509282307365724
-0.23852979557672221
0.12038153665588258
0.5423574397194388
0.7918216393447592
0.6700838453762274
0.6505227863710252
0.8511639306969176
0.9176945170127024
0.5596744478488043
0.8277125495715392
1.0217340601390315
1.1472519786502071
1.0791131629009014
1.0461681139116543
1.1083969682367991
1.2112781894869513
1.0084446480656442
0.8076131008845429
0.8323206318327132
0.2142327922369165
0.3218096942144015
0.5564300997062153
0.7430019872236813
0.8130294968752207
0.6662776574507743
0.6950693424782579
0.6347775195490504
0.8192563215764446
0.6121390055837641
0.7708354178299555
1.0931623472644298
1.2481977998317875
1.0878172036419442
1.0978271018973405
0.8956087780424475
0.8988779605169055
0.809735163539671
0.99319058294291
-0.012250852388528272
-0.3400293027834652
-0.37984149637215975
-0.40080856084104743
-0.30740536282804276
-0.15965074383915545
0.0498298785833326
0.239839296631633
-0.1395339453201217
-0.3227235157301166
0.16790931530517383
0.05627914548993773
0.18828251649226357
0.4426314337644122
0.6767325778417055
0.9147271418980365
0.4907291027405422
1.0260731742685845
1.3633015785030353
1.300635754648621
1.2273250784969547
1.2705914445390996
1.3594423846367198
0.8773376140816005
0.776273929458295
1.1957269016513852
0.7252611575432886
0.9002853109541555
-0.967324522317081
-1.3304731108231445
0.26868031802325115
0.764488670028111
-1.185490210511641
0.5658490432436436
0.23526907283942922
0.7046263350742337
-2.122055268386644
-2.8657364985825065
-1.475314405501136
-0.989883811830572
-1.9430395884941671
-1.8565335095762774
-2.6408118394822013
-2.2725387561891197
-2.103482048438935
-1.9246387805680303
-2.219722231964587
-4.047690435875926
-2.1054890201178393
-0.5531437256569492
-0.06503377235801427
-0.15667946481233527
0.18358140822352959
0.7057407577894665
0.5604357357979073
0.8221004775971967
0.8827164257409008
1.0596968102085353
0.9329387635779167
0.4125860403045691
1.1660004861337607
1.1913988328295637
1.1089892773008325
1.1813225322824727
1.3653244357653929
0.7922217453304379
1.1426936519536337
0.72269759878773
1.222823684706978
1.1686290482037764
0.1505514004885714
0.7245028353436671
0.7838703663362812
0.9651147833280487
0.23013992645018316
0.6309776867967616
0.5120123981701321
0.6477579665201698
0.9812826327166162
0.8365103249905852
0.48103874656838536
0.6454151337692495
0.1672731374284271
0.07848435468222914
0.16188233633913657
-1.068887894855629
-0.06729468967009505
-0.36129443653838744
-0.0645697858539091
0.20400097918856458
-0.37093191916160884
-0.6486301403848227
0.10113415011245042
-0.2542881488287475
-0.21123189992721703
-0.46551521172655796
-1.1704702879891367
-2.7308851589754126
-1.276496366403682
-0.21538125339282513
0.23935067807313493
-0.04461196904174791
0.3620009842262682
0.49521890467969626
0.4350465055234701
0.511859825174974
0.40791398716181076
0.700551152247564
0.9133562463494722
-0.14500711907266362
-2.115653123651563
-0.6859116432626005
0.4039689025102459
0.23353082399655012
0.9084005563919131
0.6361210087481199
0.0673734940835215
-0.15205652899532657
-0.9131856935244864
-2.065124850106747
-1.8570964697965848
-1.1805730803932717
-0.6744312869783097
-0.48927669961337555
-0.14111914405242376
-0.14297052809217464
0.06546796801967414
0.34879137875909
0.5412753883145602
-0.4760696099063213
-1.7274176735921012
-2.039653514144242
-1.5235352679358627
-0.946961764069816
-0.3997514099081083
-0.671137627214325
-0.18083926133017894
0.28846653462554744
0.5788094326496067
0.0637195376511932
0.36962800019957603
-0.8730480117714026
-0.15987901587705566
0.3428917469131029
0.49864707533654046
-0.4543330036065076
0.11037125081808263
0.20931571397041315
0.35049590833962435
0.9176165890129961
0.40030737395789456
0.11698651364522289
1.0408655576766037
1.1900066859226979
0.6236155575581266
0.5063707382021312
-0.21873365267467257
0.5481973545014527
-0.31053766773954306
0.09444116132017971
-0.05650149448880715
-0.20558370637266127
-0.558638056778456
0.04019473884930258
-0.596058408436271
-0.6781593393520788
-0.9536854450473902
-0.3704594445779702
-0.8201954325220966
-0.6788048888919131
-0.8798634862658239
-0.46673764382345906
-1.005338108672297
-0.28992263729871803
0.0491965032740494
0.06821795010816689
-1.4016264143624606
-0.2653145401426596
-0.6236178351027297
0.29339238657086947
0.575049774609838
0.042666828629061126
0.3379115904600997
0.23612115703839542
0.7325788216583482
0.7900524110488283
0.8561838108931921
0.49150494904685477
0.714567979546014
0.09994185288792046
-0.6405891764620184
-1.4984604397303456
-2.445022228078437
-1.4406507981795678
-2.5256887672382593
-0.036661923030814
-2.4732366822911693
-1.6086811166648698
-0.3553260511061688
-0.5269018377734316
-0.18059846356509396
0.3000268458728563
0.18027569524952342
0.5322205990412989
0.5555736082875873
0.44422565032355027
0.2870556160538919
0.20103067010110692
0.4159361129464812
0.6721834552574697
0.9521760402861692
1.4713508797996098
0.23831212384820427
-2.179386934484048
-0.3806736154573789
0.035436976269107745
-2.7693449790215174
-0.30635883347519494
0.23307190169418857
0.40509898216039136
0.42660841975347746
-0.14618685575917123
-0.3012675503596746
0.1522338932476891
0.46771396274599725
0.5090419369505956
0.44549291377723715
0.22743938367823535
0.0025390683428821725
0.7932361033292556
0.9526606130163058
0.5665120146095277
0.8547580804141304
0.9727595112976866
0.74584021013962
0.58531105511395
0.4709261855486028
0.46098178430289344
0.14073923768569213
0.33964385440785366
0.7152175189681047
-0.5206387901093437
-0.49972515185684196
-0.047082756875577975
-0.6237319829489196
-0.23995475244999792
0.9653461478814702
1.0736137942646455
-0.3593951351581528
0.23985561544269385
0.6367544525876234
0.4101713477747377
0.9354821429470122
0.8026755499828298
0.5463598411126285
0.08082071004808161
0.9484546032596601
1.9325523744076596
0.4250311367339095
0.720509486760988
0.8548605306033412
0.9260459844296252
1.0984192907624941
0.7921112650773523
1.080186700766465
0.9167788389618576
0.2662444389576431
-0.1764403414344265
0.29823498502148554
0.6222135562083329
0.7224900330477344
0.7904510565990008
0.1692179184575458
0.6052401507231286
1.0853141167162825
0.6316854479240261
0.77102439477128
0.7789509082658925
0.4691358561039504
0.6453602884660126
0.5419999118145702
0.7733377018808725
-0.25070929197266467
0.303719643057269
0.7020889572805706
0.7500814990252338
0.6160506858871708
0.04715655655611345
-0.8116588568509095
-0.25040241312403505
0.3001798695612173
0.7089182572425723
-0.2439154121950692
0.06991575689839125
-0.008252891130702461
-0.4056547830089339
-1.727388356512738
-1.782260988715744
-0.5064750045167374
-0.10165958139712561
0.4257290228736828
0.21966547520534607
-0.5035790083478952
-0.4693707164213594
-0.0463002835463196
-0.1968041208121184
-1.6874660203340441
-0.3734005836875841
0.19543855523603676
0.06841050552863781
-1.1514773000957998
-1.3121502410831087
-1.275082464300855
-1.0998764463291801
-0.5784518774072213
-1.0415141322767527
-2.001425638629604
-2.355521978797481
-2.3931987894478124
-2.0311337792968507
-0.7441117286932037
-0.35839095293592715
-0.04238669835350545
-0.29597604965497254
-0.3277214833245378
-1.048583620745306
-0.6095843481080404
0.05278126153856255
-0.7504330759252058
-0.6634445014124626
-0.38382896199184025
-0.020096496117653018
0.5482161205482052
0.21536252946009604
-0.593558149867182
-0.26927812868984863
0.2345511774675909
0.551120343570696
0.5008559224792601
0.5657173928419397
0.5742040372206694
0.657728096451581
0.6350330337124916
0.4435889720731167
0.7736489078595978
0.6970685503192469
0.4151258452162572
-1.0175049389111812
-1.8572191668992752
-1.3478872426971833
-1.352006160005158
-1.7560086728015216
-1.1749762673821833
-0.20935121635931256
-0.8529100655081989
-0.580413549069694
-0.6070692327607295
-0.4905343938783269
-2.3192782014616555
-1.2711073808969753
-0.5721402945964112
-0.18113263110887667
-0.16907936893404787
-1.3540570153978866
-1.6321171485878168
-1.1946454380752611
-1.9728440929514042
-2.2983174316576074
-1.3885848198606432
-2.5087102131618617
-3.4692473762621803
-1.4212478661779062
0.15291101593402218
0.23043124614244803
-0.036750967331887846
-0.24462849253499863
0.26398368616362594
-0.17254665830318758
-0.038959343853026546
0.46856176823857426
0.63356365443395
0.5960675104723165
0.7703724416659607
0.5471499358770826
0.7597567501593028
0.5819030666740963
0.46234729095102495
0.41022798346573003
-0.049437189338792376
-1.6140369492531155
-1.092873469741429
-0.6372093758570869
-0.17053392591833538
-0.18944398371842108
-1.38759705417104
-1.0109315905916734
0.3552422359515492
-0.35086049087194954
0.5019491686253459
0.7397042085347965
-0.3561588021989226
0.5807685679326628
0.6369593586504969
1.0233930692145432
1.152573526352081
0.9394302153103229
0.8996099022958559
0.7076771711887488
0.7696282949963855
0.4842345979751043
-0.11741695517202139
-1.7917901085116756
-1.168067699292497
0.0785892569312136
0.6928531451801963
-1.355817714566648
-0.9816940576935977
-0.5634294250089774
0.05740107062593003
0.33270194509907897
0.38640791987018114
-1.557661309032422
-2.601523630150137
-0.4624144467745571
-1.8059956004996942
-1.1072510365248012
-1.945207499264899
-3.3628109961470933
-1.1100799805962458
-0.6505242843229814
-1.1779421223161994
-0.2002379664626414
0.43145133242630346
0.4100275457168889
-0.11054731111259108
0.3303341256173629
0.3752448957112306
-1.3140285599548789
-0.4109213225123254
-0.1402176982160131
-0.23966306960987385
-0.6284555557936709
-2.2385975137948746
-3.602312570303776
-2.4349171281203934
-1.9115454057534667
-1.119110252729524
-0.4938604536863586
-0.555597509055823
-2.377725070493348
-1.6472292814635545
-0.34148701687149907
-0.07924597073082554
0.1440075856322876
0.5111195914511775
-0.24163586553115837
-1.1368591435841866
-1.2598736685105354
0.1355442911982226
0.6138286739759664
0.2943541543902974
0.5010871674343322
0.16699246985939087
0.4916201946347953
0.09072242648449985
0.07061584631469969
-0.13146600213382853
-0.29715550732343576
-1.5491046923241463
-2.4491801532987023
-4.238260035127113
-2.8705080475780758
-1.2800204371065074
-1.0474439017903852
-2.156506384792886
-2.6224011516608745
-1.2116945739533695
-2.0320043655494056
-3.2243650149421703
-2.0655274677080637
-2.3751180290246405
-2.0648604416061613
-0.17700612815085978
-0.8382795048170306
-0.5397551668063783
-0.344419141491271
-0.9805123217745877
0.17007236259286318
-0.07948611834503741
0.41516183603982787
0.876275517601498
0.8484949119138527
0.22189286215818121
-0.37129262705283445
-1.2806018183973682
-0.5335066554120163
-0.08126882687791812
0.1993126833675073
0.07063286099114408
-0.2747283322381804
-1.0936364920359818
-2.4256085933030755
-1.219664906094986
-1.3847393249775761
-1.3016976775606408
-0.9219279633145732
-1.2299436083844908
-2.460761250772836
-3.727681449741907
-1.5961979239348818
-1.0876098502743905
-0.764198114078583
-1.856982648820413
-1.254540399003178
-2.085112270868982
-2.055838507895387
-2.3004661713190337
-1.0754058564370024
-1.194510796409895
-1.684219122289329
-1.7030132930521305
-2.289875211203061
-0.8015301979021363
-0.1666740763541782
0.351113275083412
0.3028422652352008
0.29917356229617426
0.201468886505615
0.4060971444392329
0.06329551243858317
0.26977192034940717
-0.7190192586460791
-2.8379778183118582
-1.7723352907153584
-0.812898384129322
-1.2865342788469278
-0.7790638645077985
-0.8535603474510471
-0.22811257758110567
-1.055856681962206
-0.7811598505267396
-1.0361141219872907
-1.8675938992629082
-2.8836349081549932
-2.7879253373870374
-2.2110088305224385
-0.9088320702102093
-0.5685134117604533
-0.010785766475258446
-0.032991040849717546
-0.0036426652883228827
0.19636499322444367
-0.44189892928429475
-0.05034757629804473
-0.044978492101926476
0.4658222319399908
0.11773183035152318
0.5685928038805219
-0.13958247214126127
0.4194537344889903
0.45493689867308446
-0.08163045792415169
0.21426234036948716
0.3096094274106172
0.4298002935608049
-0.4919025242297622
-0.18798760501947648
0.21838340137328727
0.3882298876843982
0.4925354300892493
0.528469712659573
0.13852910513147654
-0.2695458673217242
-0.5698647556523915
-0.45852674594930093
-0.25954071604156015
-0.26280610322421594
0.3806841719572391
0.4969010925654787
-0.16714039095521657
-0.25954302424381476
-1.9504915145044055
-0.16762473086385604
-0.3920840040775516
0.33865485042600046
0.28047481261006807
0.16709668041537779
-0.5336106910134675
-0.6436336969622798
-0.8801993957457155
-0.2749873733568881
-0.4128132587365636
-0.20828649119937664
0.13464140667496355
0.34967530362486515
0.4334344345405376
0.24112878343180438
0.29973722951114473
0.18663244719896682
0.21295553885198026
0.00035874728441293025
0.19190825152858743
0.17933427780246358
0.3502414287655113
0.11928039457098916
-0.34589863902661055
0.13711123245031548
0.336020012279647
0.09307066567884303
0.07562679863840827
-0.15910815837415004
0.2781797612682672
-0.2808479531840979
-0.04675843156803769
0.23080328894351
0.0698949625746959
-0.8505241345884305
-0.5372280978218855
-0.3547947269428154
-0.10107279539893002
-0.060929296793627546
0.11352661976989942
-0.09220944661305605
-0.11355763554069609
-0.14091085277411242
-0.5164542880528409
-0.7251247999474804
-0.474772212558461
-1.2908809159485048
-0.22152614277914628
0.45306636561150987
0.5459518215671719
-0.10928188918770093
-0.5554197401363137
-1.472124514067301
-0.5127080878712387
-0.22430428672306
-0.08967326876877757
-0.20921376994189061
0.10077357177261936
-0.40705535783603375
-1.8834226874860032
-1.8892394743057426
-0.6129214467180637
0.06920859225272569
-0.04681388182456081
0.39176086038369357
0.10909687783349792
-0.2022187694145836
-0.23588278699563278
-0.08730094248228351
0.05939151926993974
0.044016055800391585
-0.5745338960368462
-1.2356337806202191
-0.33707661041580866
-0.4690043801344497
-0.07863519915233924
-0.08524708107999912
-0.4427771879190979
-0.13029005946359293
-0.1372975179906859
-2.124918303583699
-2.517460400387462
-1.8548952130146419
-0.18134745098628116
-0.05495519784507455
-0.41729924116474315
0.21897286416966977
0.3593531273907781
0.4059783174442208
0.09904603151581409
-0.42737554710604764
-0.6839837326521774
-0.30156354080713244
-0.8118242446967887
-2.4295574942994977
-1.8281658764347766
-1.4208456374871168
-1.4299110602254175
-1.696789812889416
-3.018278832009187
-2.0747577842493183
-2.2804841922742924
-3.0496915198084995
-1.467774751924598
-0.7135199110012649
0.1804698236055825
0.08952280175945032
0.3192436871243162
0.23457253539925865
0.14982223296051983
-0.8383778954847292
-0.8207678840475676
-0.17840043891142304
-0.18663047176374808
-0.6359919422914218
-1.981823563087417
-1.4822174201901108
-0.20158653320997771
-0.013084154509190232
0.5042986010077244
0.40969906559296493
0.209446488811261
0.4762435680018308
0.6415168772555386
0.8044449506924267
0.7287806454309191
0.3619646666396911
0.5751619289435257
0.66357986917869
0.8024425121406864
0.08964066087073275
0.3420496711528695
0.37217551685807687
0.4458316392939448
0.38780129135988534
0.27368511188733996
0.07812649233000274
0.44682932947746595
0.46085600708779134
0.21135013151899207
0.59298945721736
-0.027377575885932537
0.2018619751460411
0.14884474184311985
-0.07218893077328586
0.25822969737222906
0.565824253455363
0.5807011210418691
0.12253451296146389
-0.29145237349374237
-0.22411201455932186
-0.7968183317099238
-2.0899799334362172
-3.250144054574235
-1.4574486189365068
-1.298608766145451
-2.84057213381298
-3.7355372604629506
-1.1567314452353044
-0.05654376139039746
-0.32354692113550065
-0.0899289682829896
0.23936868920617455
0.16910176241378583
0.2179341016552957
-0.8865755258817023
-0.8446618574894535
-0.35604628628701046
-0.17922145427015934
-0.2626650614011757
-0.15075028201451382
-0.8122660348112289
-0.13420282877218967
0.04349854468088471
-0.7721844652700478
-2.1350227108911257
-1.0784352859065653
0.26400331272250094
0.05857660885017191
0.10118664815817618
0.29232607949469697
0.6505134548342291
-0.07168625976865808
-1.337765693534098
-0.7466725603849731
-0.1813942331965249
-1.2441187426753766
-0.3905119389432171
0.02281434636610391
-0.21035845908835452
0.14677252315296746
0.015823120228514564
0.04801905958334107
0.21355082118545982
0.1862031213391186
0.12089439572209087
-0.14600425687393276
0.21194491561355266
-0.235519708929478
-0.06232272482977308
-0.23941266978931952
-0.04925829339357443
0.028056267416462333
-1.3555309258911616
-2.5341194675236682
-2.9031829749047238
-1.1426402414430958
-1.7792054589723088
-0.4438301457114435
-0.4823445920216281
0.06490153149753991
-0.14738666132245395
0.03014572474496252
-0.31581223563881217
-0.11206984926743005
-0.14528099610681355
-0.03322141710167473
-1.0024153098654747
-0.5343349469342571
-0.6217130207316539
-1.2444384878385903
-2.799535075909949
-1.358428726739334
-0.5162180724133236
-1.020210256775927
-0.7730763032060428
-2.17459983166466
-2.6241174970708987
-1.8235318807133267
-0.5098587942624453
-0.6119436882226684
-0.2347233264331176
-0.6859082096039926
-0.7503309174577224
-0.49701470807354886
-0.28682152294620306
0.04549367710714208
0.09638321402636085
-1.360380572191447
-0.6337389569795706
0.022644668038873716
-0.00021240500420091624
0.21869112669664986
-0.31117048062604363
-0.7142492604282635
-0.9355696940235767
-1.1472861513612376
-0.9766097120452326
-0.7175781589232432
-0.4950848312307649
-0.8048127791961912
-0.30776924263528244
-0.3166590609265405
0.24550272659479705
0.6534959821575725
0.46670713210629894
0.6586843460659588
0.49116049772300513
0.7145522794027002
0.5100958618142633
-0.06236143760288054
-0.16583687898588323
-0.14378730881453455
-0.8251398317300322
-0.05276150267174354
-0.18438289674234873
-0.05300548910464914
0.3551678397474342
0.26578206417236167
-1.1839267412748498
-2.0402775922170107
-0.16842466992781774
-1.2970574964826282
-1.4016250388732487
-0.5963219179493858
-1.1546510701829764
-1.0091929532598107
-0.2834277089534561
-0.19647656802042912
-0.4497001921925635
-0.9030586046442657
-1.3311858526763491
-0.8434144476853691
-1.8243978688943954
-3.0959325907463224
-1.9461673401238357
-0.2863481724829765
0.13859698053554448
-0.08196154528830787
0.09636271964342902
0.28033258021181656
0.48180941134696703
0.3749952625303035
-0.14786046395647584
-1.3809662973978205
-0.21676162681665678
0.2012832567610317
0.10814893125633412
0.0050082332922512796
-0.8575097373457177
-0.3711148847103761
-0.37007350761893576
0.12817227602924747
0.4099004340874009
0.07769893768658304
0.4805358064012057
0.29568780749776563
0.2939073565255101
-0.09696112593834913
-0.7586385563577143
-0.5955779788964797
-0.8354831424507181
-0.02846189034014096
0.06158229800541104
0.4807563286528677
0.009319508265133863
0.42977565127632583
0.7125549703559824
0.9143773370636625
0.7740690181816685
0.7885187775396425
1.1091693523957558
-0.3438777646188455
0.6060406362961572
0.49280977358825956
0.6809622592776843
0.3103126681046335
0.08915865114288002
0.47563601390445226
0.09675615556359901
-0.18410173802582702
-0.39404851109814565
-0.10005968203367593
-2.5931188049419625
-1.6690356566948732
-0.22131917934069456
-0.2796618634890123
0.12762783664259392
0.33920452171356447
0.6103650387878723
-0.5152501863355436
-2.7283273323397905
-1.0523324451550247
-1.611672382306828
-1.9198623905124828
-0.6519669782015283
0.17010006002171696
0.5372185109146586
0.4373343225224861
0.2280988744397759
-0.45432272748832325
-0.07612730985677957
0.285166982853617
0.2753072593104165
0.3587420118458255
0.5608072443088803
0.7413479667010714
0.4985798367027832
-0.18952906736471256
0.1866037874004814
-0.7741797322534838
0.024145888579424513
0.3252928395871623
0.07375443042572782
-0.7745408243911838
0.22074950149892109
0.3619161847626731
0.20830243391465614
-0.5609880085580493
-1.1332033459957864
0.34882333940332394
0.8981144064525046
-0.06795114722430107
-0.508958106459935
0.23840693998723583
0.5765467748118218
0.7147498197549071
0.5937213475366525
-0.39358457831288945
-0.15867872158329396
-0.023351859363746896
0.06241374541199024
-1.6204543422270146
-0.19290754736992263
-0.2508537155962154
0.31381449381672594
0.1412331698148695
-0.37118121681774097
-1.370862525469759
-0.14484501549275305
0.5578219240127404
0.6351988339325276
0.5073285239929093
0.7164693189094082
1.2168694600510903
0.02449569784897121
0.321429269129151
-0.3162538120114815
0.35033629378982195
-0.20369328260644606
0.9683780387052954
0.6669656600890137
-0.452522228170662
0.16598854619666875
0.26352393336772734
0.08769730324186781
0.35063362791530334
-0.2124341846081033
0.8360303066172132
1.0663994725784078
0.025604475145488192
-0.5914698418062503
-0.8625571358004569
-1.215983278530437
-0.7737590493578104
-0.6884249436601587
-0.11558886073249679
0.05800104239545101
0.26849836827383106
0.19663701345663143
0.19159766594716948
-0.4656117516576531
0.3291676746091878
0.14180397531944483
-0.1814774277743476
0.3644559113847566
-0.015360263151759007
0.6039880958469594
0.10907372046148106
0.4673695691745667
-0.3838488929474265
-0.6207559536333231
0.06784474287352449
0.0621912855258378
0.15733990193341668
-0.18887449516382748
-0.5067680201878301
-0.162273169506226
0.3345724827338566
0.4822375982092088
0.8034537363577607
0.6163392742084537
0.33115646426352147
0.6052993137549103
0.7380330444045737
1.1620575942345446
1.049527100626045
0.8411851146389822
-0.6198087424104239
0.12478532633109829
-0.3881140224968696
-0.036808999939412224
0.3988462169012708
0.6383501291989306
0.0041961281038555565
-0.7763128270261477
-1.6139220337080789
-0.863879239407574
0.020961318319573152
-0.04477326353751726
0.14685858634489135
0.3518920065256013
-0.1943030086249374
-0.2626328502592326
-0.025472951047103454
0.219462746675522
0.18721631952327983
0.5344162660731069
0.39557266853939294
1.0452364457388434
1.1015509835177195
1.0233199166616487
1.0823078196273077
-0.03626907952761535
-0.39499430248416123
-0.2058556856711392
0.09165511335504412
-0.24264319593341338
0.3314562469687719
0.7068108611613633
1.0545496088826904
1.1403268850521586
1.133333460859805
1.138848456124195
0.5930262819192131
1.01031698082006
0.9567666085658291
0.8343978256133249
0.6823572209465667
0.6784207167165719
0.40928176041003855
0.40961953913556676
0.668787269607384
-0.1020819323787645
-0.07223747314079634
0.2069247610461472
-0.33846101066411377
-0.42881129807862806
-0.4780623917521609
-0.19591888592667137
-0.8689405177478335
-0.2927788257030849
0.010157804937719978
0.2857344056940441
0.2096679328320688
-0.1961012633717954
-0.0694143030662635
0.1288563227394483
-0.24056201860654186
-1.1332167418825256
-1.4989991959182618
-1.0678533744909455
-0.7647054927418022
-0.3703689030685637
-0.2594136235046639
-0.3401823089581458
-0.6161114068528109
-0.7350775059419947
-0.39799697904381337
-0.13918550742212926
0.0040101005130833145
0.3283380269418971
-0.06439679388663111
-0.010448223397410195
-0.02842883176919042
-0.3282283997118665
-0.2667642470695983
-0.5175200687178435
0.4328961671924572
0.6090179699866693
0.5915983259704447
0.5918626912866645
0.6596307282124809
0.22713111307299533
0.547933672548484
0.48915902193620725
0.6328792174871221
0.714458935076925
0.5136998473439487
0.437582290355732
0.49731751482154146
0.3634374161588571
-0.2682068739245827
-0.25237094907965246
-0.021650827610459805
-0.29011463433831547
-0.1254001135451399
-0.033617848945211165
-1.272116885847042
-1.8107252275257717
-2.12084578471931
-2.659056631568757
-2.528910228791389
-3.179520405800781
-2.1159946776718503
-0.7539613671048115
0.055161054981957613
0.1788657802155611
0.399518431826644
0.2721119858442294
0.43467907778455334
0.6103638432782654
0.7314593798867763
0.639201937693928
0.34995793315043183
0.38629025347988794
0.0953449527919728
0.44109368125076914
-0.010439626986148809
-0.011514723913348068
0.40090509297826277
0.34550695888422306
0.1611419906733963
-0.4713171765197663
-0.23634542654206003
-0.08829701298773812
0.45443098984497626
0.47516090055635535
0.5235295338685322
0.6021049123805708
0.5423085337678435
0.4706326917574221
0.6635766819753883
0.5539634625956713
0.2310989718249658
-4.6833767142346865
-4.9197319605106165
-3.8521314998667333
-4.388558246232421
-4.236793583359328
-4.197646356417481
-3.6485665547968122
-4.234904190908016
-4.052892585817463
-3.6795935726842854
-3.733381891805797
-4.057629999292595
-3.808720213856699
-4.02843504754729
-4.316929784343648
-5.0189708437032685
-5.422576250853071
-5.6923203074603625
-6.049022598396345
-6.051309438599743
-6.326745335098226
-4.663069358809488
-4.625693927781279
-3.9014666015210966
-3.760420498006235
-4.133195457746543
-3.7492783350055303
-4.395329403291339
-4.161873187214022
-3.775803900149501
-4.136380772019974
-4.412748438823221
-4.3481202015423
-4.1571726981484485
-4.114994740551517
-4.209169240545708
-3.8449834010151096
-3.6100868251845633
-3.9477802060785927
-3.5382641693212724
-3.1271388380180665
-3.4644652557416626
-3.773728067113535
-3.7900349200857657
-4.0407452650633475
-3.8205839604919385
-3.4616744606148147
-3.2984513130339668
-3.202439848651844
-3.042416901029044
-3.1552503734227684
-3.539075064181063
-3.5088963840435192
-3.3752176280188375
-3.1997960010652706
-3.5771739089843972
-3.6067631199412027
-3.569106528012613
-3.012765038872406
-3.351165085791116
-3.378133311274559
-3.4663225395412716
-3.736888348158492
-3.5545559902147033
-3.250810670221089
-3.2896593656465907
-3.5422110006584444
-3.723293969367806
-3.26671092754351
-3.124772741961828
-3.118691954743
-3.112038517402839
-3.534367402631418
-3.6531174199468586
-3.6130225447161606
-3.4203226980278205
-3.0592871471656626
-3.197191219236111
-3.186802352394474
-3.468040696308515
-3.513815548532399
-3.233577924554278
-3.084005765514724
-3.2307600606307716
-3.493054622170525
-3.5004740902943157
-3.256252327837198
-3.4471163198980386
-3.091432688090903
-3.5157576738212355
-3.42208311310052
-3.6449959310962363
-3.6631449240247935
-3.1275629558823215
-3.3703632964831476
-3.144571407344882
-3.1561187372167776
-3.027495241899088
-3.0476559540557817
-3.226562897822763
-3.0072803937113486
-3.736382654626786
-3.6849652353453926
-4.062814949359578
-5.023662449913044
-5.367063090589682
-5.054820612294735
-4.494370222312572
-4.0456458282504535
-3.9580258416304614
-3.520825644403352
-3.26845717411081
-3.348356071240998
-4.002012305429284
-5.876291508183126
-6.071500903851036
-7.087089998004934
-7.207687114824537
-7.525111776905249
-6.242284188668766
-6.456317863980881
-6.214125234980003
-6.068426812357933
-5.3287696200560495
-5.6963895350813685
-6.159790821502582
-6.135016583091987
-5.348562950292007
-5.989096534229084
-5.8783400254980105
-5.4863987415374575
-5.850326520356525
-5.37642915100037
-5.280986995761759
-5.193449205596441
-5.410267787744507
-4.988670637400433
-5.650966121770944
-4.903379737997356
-4.595248590762849
-4.67794634100691
-5.523279456418899
-5.3204729767028445
-5.593439201381303
-5.190441162522242
-5.366640135679367
-5.861038380879626
-4.694861917853546
-5.014094977315521
-5.100915686859629
-4.9711566076626506
-5.285981137210376
-5.093136623596983
-4.700449210172752
-4.744717597390068
-4.6924704889924795
-4.630334763530961
-4.409449702690184
-4.928821594797885
-4.792698096338179
-4.784263813812809
-4.439292356196225
-4.734397998981961
-4.5223614306333495
-5.086756267319253
-4.976786917746289
-5.273177152242641
-4.546272293128987
-4.955632920698122
-5.2998041984074975
-4.673613647944949
-4.769848395591096
-4.105559658624499
-4.740026022848722
-4.7099426239901385
-4.689988692235535
-4.583665397205223
-5.020549137287037
-4.767049208410567
-4.921842707279862
-4.892496286964663
-4.882076855264817
-4.631891950912057
-4.4815623580349
-4.251219620719791
-4.142373416553026
-3.994501879914751
-3.938072729020796
-3.311038368170207
-3.836818225181094
-3.8529968520255298
-3.6030501776669284
-3.8924406224154633
-3.577271388435811
-3.5164373174209076
-3.560672228419857
-3.496534518501117
-3.527287723074115
-3.5280170311882344
-3.263117440722971
-3.1351267370660976
-3.1780898242888713
-3.194371536094985
-3.086892186628079
-3.157524311465053
-3.081844472137716
-3.059797979506065
-2.941397879609158
-2.9312292255026344
-2.9326883536991657
-2.8222926444673377
-2.7405258105547063
-2.781305231516755
-3.291777719407102
-3.133204759330797
-3.6109284522277663
-3.0386185788574074
-2.796789965794117
-3.324743600830666
-2.6604233029663744
-2.9701246628129736
-2.842288879095453
-3.1431535968410733
-2.8450817132810498
-2.786308546224722
-2.7981333066383804
-2.9750347126653267
-2.522584297791823
-2.702111867257361
-2.6149644961337115
-2.684424237411618
-2.3788270319869986
-2.4141735739061163
-2.662244287878992
-2.9009312269836354
-2.8442762235059
-2.93352461652328
-2.9316321317549865
-2.801570157720249
-2.4577507999812873
-2.7409154561735734
-2.8740526378276106
-2.961441093253746
-3.022119569553971
-2.7980105289677173
-3.0155068562340843
-2.579679920881259
-2.409903077017071
-2.9015148185622346
-2.429436833546284
-2.809228301598881
-2.8251615948991287
-2.5782310009495193
-2.8156828201390987
-2.5877284382241506
-2.542515378450679
-2.740220294404375
-2.6421075617204974
-2.680047297824431
-2.594859127579252
-2.369403532730318
-2.223958234153419
-2.9997592641938655
-2.8666882302481205
-3.206406723346504
-3.240698032062202
-3.12879699343066
-2.58569696895909
-2.5076075094535417
-3.0834565247724144
-3.523880644979221
-7.729964124197325
-7.612723922865409
-7.290413241834517
-6.889725555244496
-7.148568781829323
-6.89532945953223
-7.254845235516708
-6.970447894583784
-6.799620437940498
-7.051378409355037
-6.867205295728496
-6.718402689912269
-6.462053656974679
-5.6316723169707785
-3.491920612823766
-2.0033332740302554
-1.5277302813101938
-1.2358970857452454
-0.8390245965246783
-0.5694346226995455
-0.3169456816844153
-0.9911668895674575
-1.1536892957424554
-0.7377008788961938
-1.9184218585341688
-2.40129414522927
-3.2335501445779022
-4.6549708556886085
-3.229895742046526
-1.770459896727793
-0.7947429318022257
-0.6070129094445271
-0.3185825531596489
-0.13670492411831411
-0.11837537467669174
-0.11686755418589861
-0.07569259062973191
-0.03924392864064957
0.07716234451564458
-0.16409570268767426
-0.5895089330663084
-1.4312682068097706
-1.6234658333066072
-2.373278673819781
-2.3882333790117953
-1.891686029391243
-1.44719668727777
-1.3272949076988614
-1.9091151880040074
-1.5665591156694214
-0.9393927737639591
-0.41392244217293567
0.22362428090903047
0.13183738983288878
-0.35200485858623975
-0.26622116907095333
-0.5942477864835396
-0.7231941787525056
-0.534465950732672
0.051886300005690555
-0.03911239760640545
-0.05807147577724514
-0.26554837580912916
-1.0734554214491319
0.04995626219963223
0.36013408082848936
0.7315497616710098
0.9353143466205058
1.0015146179817673
0.8583309491443869
1.022867397985265
0.8972534128301632
1.209803273318459
1.1951818250518902
1.2534720193649949
1.1003084382305377
1.335917740488268
1.2540261316057189
1.2774728510967344
1.320653184110076
1.6746282702446076
1.7803994395600358
1.6067387334886283
1.7958669587808467
1.7891494258556817
1.2907379617575754
1.7997314804329296
1.5605335203564585
1.3027872283380595
1.3428301848095614
1.2680317066556765
1.3725620810208072
1.313761818898957
1.5813717120901676
1.5634829788863904
1.9218151468440803
1.7096644717087843
1.1757336533656642
0.18444883859367633
-1.7712793148520904
-4.079211175361119
-2.939002560784538
-3.5516204154057958
-1.1392507498593378
0.19589495733301315
0.3771752634514223
0.011666582539670678
0.4379756501608762
0.5203784573720491
0.6102215080370188
0.5884744982949957
0.2963934208515094
0.0313774403496192
-0.007413751134551644
0.032366737263114786
0.4391449838723546
-0.13235260703186416
-0.5343708058088406
0.19550686206804935
0.3895141615564596
0.7302809291486498
0.5134468989024723
0.5527408387699193
0.5078585127293103
0.8453414316117793
0.9876141201294366
1.2131850735807397
1.178969152702598
0.6724672000335381
0.9428256290827395
1.4694949077323853
1.3423610030458768
1.0400843970677867
0.8168924669029463
0.8114867789273486
1.0640196143694582
0.9268824982012926
1.0849741294154607
1.253593169458522
1.2053975497528888
1.2535325422738095
1.2979504161430409
1.3860503038417362
0.9513142164625479
0.674711937202253
1.1038996338162166
-1.0271090498033817
-1.522790677997283
-1.0277036373450321
-0.4714601019226202
-0.5440287867057549
-0.010560826760889125
0.47987121325652865
0.05432763912426902
0.9690226290769572
0.8873842850792089
1.212870672807082
1.4155861119124047
1.4883103202318444
1.1666709812959992
0.5179056511430846
0.5507080818044949
-0.35583554320678346
-1.359258642618235
-3.0342428393129603
-2.5294713293110234
-0.9098640449308166
-2.1696004283410395
-3.111381484731957
-1.4407180105298756
-0.9709888642716189
-1.591920710257864
-3.3194745727117603
-2.536972995589332
-1.7160232113025535
-0.8889903745617305
-0.19566287902891027
-0.028672930468722047
-0.12015730289490109
-0.5549888495366506
-0.8451936053956526
-0.1592930402018245
0.35137749467796503
0.6249993782805163
0.9126522270692323
0.846547467292488
1.0077472165070787
0.867132468846531
0.9253567951432597
0.3362723885075339
0.5121553002283044
-0.2881464950137732
0.2388679663266821
0.4451142262764984
0.17988494942660455
0.48555592398127984
0.6656739139704
0.8286155116765106
0.42131703084522026
1.1800309440820729
0.7791440038774253
0.8010233472957256
0.18454283635323887
0.43717394090333855
0.14708112956163133
0.09460624449325195
0.0471483190176889
-1.6708593893047041
-1.133412448723771
-1.5796070282383894
-2.6148684795709034
-1.3707045525492805
-0.8088513629103136
-0.5084506123835598
-2.6979122462449943
-1.1337528159544494
-1.1315267141867054
-2.708643925154497
-0.8148287134090533
-0.38091202471150454
-0.5985645310703402
-0.5078576901568439
-1.269071262610319
-1.171375426887883
-0.05767335999585274
-0.7528778296641252
-1.3326049211056528
-2.307778147157039
-1.6834902712123583
-1.895719486304281
-0.8085859554375863
-2.9174171509883244
-1.3896133833911009
-1.7632815090680842
-1.9815217084781767
-0.16258344249098117
0.9105269557918945
0.9745496644552136
1.1413289663442694
0.8917982092551688
0.6872518636965772
-0.24674164778924187
-1.0820570600747728
-0.8332166504139209
0.20140152627380892
0.8988827891207931
0.792000534360406
-0.9088661775543878
-0.6950569995252567
0.23877196145545054
0.6287897992639326
0.9584723559726418
0.9084725553829665
1.0052691977338293
1.149240051468376
0.7809832283008411
1.22318686690355
0.9208532970463985
0.9058314300521924
0.8030077762672199
0.8465202701069245
-0.825680286700684
-0.09427117569937732
0.6205625803661616
1.0022580003635377
0.5265591830127894
-0.6197486691465592
-3.334934179131943
-2.5914469190825167
-0.9475063862495832
-0.6274548704706211
0.15896571908364954
0.37297877810365404
-0.023185991993746546
-0.20697137562659765
-0.5205700254986931
-0.3858081843607022
-0.5724660009081693
-0.003410970084395115
0.6144488735084181
0.39311427219871925
-0.0023360234540557023
0.40211230042702134
0.77564110142186
0.3996107519854714
0.41815493993446445
-0.7414085953592024
-0.7043544180664649
-1.6582087768748788
-2.288749359065268
-2.877098181707596
-0.9981529177865891
-1.8374030946762732
-0.5372920655583229
0.27798611025773795
0.6149566455123865
0.6210317804261203
0.4167671435012655
0.3275980188183997
-0.07052857050594999
0.3607956325232617
0.7595134383781086
0.36662284742311174
-0.9378808788487916
-0.8034946529414277
-0.16989410743871786
-0.4438934005497824
-2.1640091187506956
-0.9654773756970141
-1.121899622889794
-0.5916588717400831
0.32700610527610324
1.061556708833101
0.847438629390117
0.4772219610446861
-0.49009622533932273
-0.7525665918838929
0.20365999578399052
0.14057371129838608
-2.2401344328316273
-0.5598457746664387
-0.31484561645432296
-0.8891726737731092
0.22145112327313649
0.2519136240131351
-1.487871210579077
-2.100415492272543
-3.369865225019299
-2.5331770396559325
-0.8831080984512218
-1.1258487701704933
-1.1983284237228418
-0.8414912360854316
-0.4746471923524388
-0.2684381214665878
-0.4619563035484778
-0.15998040952458464
-0.8125528846721437
0.06841037616530982
-0.04650897730437875
0.22433166091631185
0.1967901007199654
0.06606426699934659
-0.49953283828537465
-0.42617029123574757
-0.5079288580057941
-1.6077622533565359
-0.6741241330074972
-0.6644924688507108
-0.9536457708348896
-0.33441843379839375
-1.027187914634986
-1.0023097277782373
-0.43235493100643463
0.40285546034919467
0.6321581064010979
0.6158654245902639
0.38807430210678523
0.7460680665817492
0.14305988068661657
-0.3880053514321886
-0.4252809803882954
-0.5517206270074829
-0.8567813345956872
-0.20094753521492065
0.14149313634711697
0.10588144072691508
-0.643531255632266
-0.6750591981293214
-2.658316681203816
-3.9716086434359026
-3.586490105896869
-3.5766709162968833
-2.743692384800312
