0.30973722278499244
0.13842936624233415
-0.1658135894276613
0.13720137498029536
0.27159321745636084
0.1856878581176812
-0.04329900221046793
0.192929791739193
-0.02059649593783877
0.23189834534812015
-0.6134468692672396
-0.6747631251021443
-0.4816902875730643
0.011281087882808063
-0.3500732222589594
0.0425059936407636
0.22814446508735584
0.4281554335819168
0.20935599760421356
0.556187634864501
0.5767730880618854
0.45235755879910816
0.633437853755668
0.6977699809312125
0.80992006191988
0.7111070373302874
0.8187443545927959
0.471403080117331
0.36204870503086445
0.24880516473712164
0.05805403846202322
0.43940928170258087
0.47323059683757834
0.4228424392826948
0.4183487411892022
0.11750579967969234
0.4855843563559845
0.27152431116773484
0.3070345651349548
0.4641291313228285
0.48696411910541876
0.7835952255777324
0.6285305592696936
0.40284575653464333
0.3577869056063377
-0.020290416878364654
0.39071409866044404
0.44293813497611095
0.45446172458931233
0.43153636830441805
0.07996893453518959
0.05614393733459007
-0.15458210623759866
0.30655454409164284
0.09222085618098896
0.26837324933391643
0.2299292116073445
0.011133070548561722
0.5572204686554827
0.6321273100427127
0.5913323612870215
-0.022955233275889417
-0.07066370908157527
-0.012856266804818686
0.2000153008758313
-0.3669894412154775
-0.2198570690004695
-0.23855270374480003
-0.518618717512352
-0.4867738402145021
-0.12955587649423014
-0.37009388772272395
-0.06836768056221262
-0.060244439911732624
0.36446665287143776
-0.3162053471758617
0.09627245028277985
0.35499058792127125
0.5465856951139713
0.44393062807461053
0.514899509056359
0.7430799754182544
0.6945986459786567
0.40820940250365173
0.7149008379680296
0.8998288973525511
0.8416208476144558
0.7847345091946395
0.9061922086967725
0.8541960491507129
0.9397654790922294
0.9573924293772706
0.6957177008179198
0.8600265454337747
0.21058771173587945
0.3275245977232947
0.4308691026111423
0.6199183028369184
0.5293085288323643
0.5901325864513737
0.7746374983073228
0.630830419994555
0.6552536097251097
0.3619366667132372
0.5634350437449628
0.6724671052677672
0.9997077376024638
1.1588916333515382
1.0439397038343436
0.8915060217237568
0.95539037705533
0.7165486144995044
0.9572244021377742
-0.02781605280557388
-0.42336230708967915
-0.22873769476904815
-0.4556348659128764
-0.5337284808339164
-0.20605023075727522
0.09660126420569248
0.22009080910259968
-0.11566906098799037
-0.3684141870426932
0.1899683552455708
0.10067378259888606
0.08582934547924628
0.3644073943521733
0.5408168367568039
0.6776359160747893
0.469446174143606
0.8131963396639923
1.273929480826068
1.2139303751376138
1.0449566801110772
1.0978232968919026
1.2950883412439607
0.9121685048281963
0.8411791000363469
1.239649604833933
0.7960874918258805
0.9556166458184786
-1.1393398636979044
-1.4615410335027612
0.20576087863754242
0.7679168399044973
-1.5232117767463125
0.6532842902049694
0.17378011457961565
0.6531734706045906
-2.5127836654352698
-2.60241576297907
-1.6847441948425816
-1.1166017850203729
-2.0118745778172915
-1.7700815686686033
-2.6102676131322853
-2.2892602495609973
-1.9678480082086696
-1.8777146295198246
-2.5022150688373084
-3.200593490206548
-1.8925728548456742
-0.66976381301422
-0.03870569080477093
-0.16948899752654076
0.23639013003960815
0.6613821672246669
0.5122001925768037
0.7321697999633646
0.7731803606768776
0.9719661511221246
0.9240785794432602
0.37649810704748593
1.066297539104913
1.2277170225336111
0.7865402589787307
0.9346969048765779
1.2106845817467176
0.6170334974689617
1.0187919512314356
0.6316307551022091
0.9004347499623399
1.013482900312879
-0.07366877962957546
0.6461391107956388
0.8079279967502052
0.8681210800192667
0.03438423475224304
0.5449990018514453
0.3920767384075586
0.5866003247695232
0.7651756431715401
0.7382570239662676
0.4532982551127563
0.5741452787945706
0.1464247748555859
0.040267790480975195
0.17449069100984094
-0.8951238423568825
-0.007672060563895288
-0.4839986694737988
0.022894605396937693
0.21675501638499492
-0.39194370023657144
-0.5909201865769067
-0.011961055011531272
-0.2976128696080759
-0.2186718630394394
-0.47893677703636633
-0.7397305089329175
-2.7545817839476388
-1.193998535879537
-0.25466126988520577
0.16816702159826066
-0.28813661692508086
0.30979576020133476
0.22479522749585337
0.3551000059572698
0.3110078172526
0.4112602986050359
0.6738949415832496
0.7614169422858893
-0.07474173788298802
-2.1441044887155187
-0.7354452837179276
0.4586860829838798
-0.0011856552389485247
0.851376752276039
0.2506110657512533
-0.06423756514434788
-0.17165179036710898
-1.170541927141039
-2.01269721363587
-1.6615630280890183
-0.9116187870641402
-0.6612928688617115
-0.6152394664325421
-0.02163899403203121
0.04606750152147859
-0.08164910252274596
0.2281297037025758
0.4325161314474822
-0.6377025702202284
-2.034312120893736
-2.0910571322890372
-1.196523601920906
-0.9641644345216632
-0.5609923191531516
-0.8112386755651253
-0.2563889065118957
0.46556280164505
0.7318933914733019
-0.02309211149689314
0.032492982039165175
-1.1588605578659785
-0.3040022355475934
0.011887943612535134
0.48093491608766814
-0.5820968289344126
0.004445567688786581
0.05902966154571174
0.34935115775090164
0.6160862811012349
0.3262703456342675
-0.16215479208291045
0.8022614132981282
0.9705689983477563
0.35455776236786246
0.38180209727226755
-0.2622105684182507
0.25925932454550477
-0.5477708550159954
-0.11960558006699354
-0.26255134917018774
-0.37117742228147643
-0.7454763684409805
-0.08852127597135107
-0.7452538214113351
-0.7880628017940022
-1.0498922356154894
-0.5563854701275786
-0.9591376571279433
-0.9000145178169117
-1.1066901065352235
-0.9887982215521003
-1.1328750205098908
-0.6314679879699107
-0.11325778747386611
0.1152820325158492
-1.37873244887632
-0.5606143995013426
-0.8444948763300317
-0.06997726469311198
0.4874270913855123
-0.0737808006116012
0.15389621261933784
0.13897940978459222
0.5115962774977109
0.5814649946244612
0.5599220858853023
0.17989067367744854
0.5404594010930176
-0.16142209485191836
-0.7854063202533832
-1.6585980485277092
-2.3975204213551025
-0.9436250296020774
-2.5064325243936576
-0.5145850848023662
-2.6260641171367847
-1.7202731800260056
-0.5456031860730436
-0.7780631406641072
-0.2540935784684601
0.34602069159741317
0.28430794115523345
0.5136188981777103
0.6557311091603594
0.41044883635798773
0.2759912972933779
0.13350041911251048
0.4028893222953205
0.6409197031401571
0.760390818173243
1.0536963395214698
0.22262755339982915
-2.3622833513617705
-0.43208011767399684
0.01934125210867937
-2.1900084075901147
-0.28640842812910905
0.10979087254022592
0.14750562010824675
0.08869470089712657
-0.28589876690919847
-0.4726431110209978
0.031281283652745254
0.3759950135930109
0.48831189055652535
0.4001749324594985
0.37477713522761896
0.1579067962430217
0.6392298671611132
0.8754686261982098
0.5605620958048412
0.7847928370306438
0.8799212860944337
0.4771471741376815
0.5107732454631889
0.44892929135843823
0.3226072002129269
0.08287804158101998
0.14051591537545238
0.4820053937920995
-0.7011647535255116
-0.6865256569993415
0.007871968983634452
-0.7273530488012709
-0.34724582475782995
1.003943158729698
0.989251528505086
-0.4109283514515529
0.15282598454615703
0.6406152203673863
0.3162366118701102
0.9383408937688096
0.7325208311107588
0.3181505030144437
-0.05447408501046762
0.5624067956266415
1.7689733360971374
0.3888071090206688
0.6253265166273234
0.678398948327378
0.7481751171646521
1.000501325993247
0.5881300271235934
1.1339435799956339
0.8517409775948271
0.11217968532004316
-0.26815709333471793
0.2994990605059463
0.5368195081913258
0.6466348563094535
0.6168584569024828
0.22151010191109385
0.4667443455093499
0.8054556075136812
0.6140524583507023
0.7334369085079359
0.6651273264130363
0.290937868842805
0.6195428623286859
0.5467451292171119
0.6392910441789769
-0.36198048580304726
0.12754140471018538
0.4823935678705995
0.7015302396645743
0.46099590420928627
0.11314133307540698
-0.6411844629043887
-0.21076306379738996
0.28686449145512194
0.6331539265247191
-0.2476751398363301
0.06842588201500674
-0.02001571785557966
-0.2754815644410005
-1.7462508034645796
-1.5636882340661749
-0.4765319752694025
-0.10584676882096371
0.2899318403938392
0.017119981498501934
-0.6414763721099754
-0.4677635685837755
-0.1957344242354422
-0.11488113765944742
-1.9434967224766257
-0.463055981011309
0.050922733490527984
0.013505435025960414
-1.4802228842105265
-1.3135753773300591
-1.5382486836890246
-1.0477750418704066
-0.8381554813694433
-0.5116239752891266
-1.4723972460821633
-2.0361412837658888
-2.5802745565468075
-1.9246454183079187
-0.8056162874725532
-0.373131956627213
0.038882420861693696
-0.3359800373780264
-0.3343377859472373
-0.8870454207834984
-0.601823656500028
-0.21973286895591287
-0.8466146492303804
-0.5951205130566548
-0.5184206947876148
0.04561921085439668
0.5132565416513493
0.21115956316651388
-0.6625519892060836
-0.24157219276291853
0.24606492174636815
0.6046767260369496
0.7082885769367077
0.8509670123970176
0.5257955014440578
0.8045858478209403
0.7099608912274725
0.4011577377383981
0.6864755339699763
0.2728651977503396
0.17793713165025155
-1.283496730445042
-2.091527774671829
-1.3446981868208991
-1.4153673636056898
-1.7189030178239553
-0.7328433138350632
-0.15195874936830023
-0.8453995943607651
-0.6768110837225308
-0.7117534762352934
-0.5531527609682545
-2.2000608608700234
-1.4961404795642823
-0.7694333932587376
-0.05834514659661128
-0.4987892770548909
-1.396393599024537
-1.3035433526893412
-0.9978407968069565
-2.1741540725956474
-2.044485602974115
-1.618508272965972
-2.17266475613861
-2.6437459150839455
-1.2754185544040728
0.08902585707102664
0.2686277978801888
-0.05593017356552858
-0.20357968697044004
0.25865037812098124
-0.19198238332489473
-0.28020359712496923
0.5998854681064053
0.5089546477371406
0.32119442675669607
0.592959016933935
0.36234774093794714
0.6631655831694159
0.5586887090947815
0.5481021408641629
0.5009686857075694
0.03772444371081853
-2.1627935853350633
-0.7516032072518694
-0.3919226507741918
-0.16426593100458553
0.059441724448679074
-1.2232210639762566
-0.7746169080146101
0.1201860007544072
-0.3123735685993465
0.43719784949881435
0.8754890749882323
-0.5747309528534063
0.6364858084553932
0.6172046023131412
0.8529187565551094
1.0410091231037377
1.0443044099353076
1.0713966525104628
0.7205219126166628
0.733840726809883
0.3135436791219699
-0.4687423252215533
-1.9693765238354752
-0.9968228981981763
0.14867796332841168
0.7123806460708544
-2.151440343311148
-0.7045533888576139
-0.4501419019049583
0.1252431408677314
0.42630206728800785
0.28919684498642645
-2.015120304278485
-2.2759802293239177
-0.48926330675429053
-1.706861639278737
-0.9391194706679742
-1.899850969314705
-2.932046606849838
-0.8143009157416758
-0.35735108062774645
-0.8857205278601853
-0.22399107547436797
0.4750096014181562
0.2700054391960333
0.033179726576608344
0.45822980323125123
0.6450709076831157
-1.4721924322542932
-0.503410973332862
-0.048282715460696894
-0.5045038379838155
-0.5934948808817769
-2.0532860039220986
-2.7299433785017797
-1.8047825943496831
-0.8681143994260666
-0.8825520554854965
-0.3150983772938869
-0.5635680471854286
-2.358492092154837
-1.629714434699066
-0.2981989098575491
0.02273820298688382
0.28156788330663496
0.48057540207373617
-0.13291985219766655
-0.816070017521502
-0.7069193257397145
0.395424347322479
0.7377010713916199
0.3445457687501286
0.464294584626563
-0.2662439268281817
0.07836576679501744
0.019260572891815302
0.09680573933032212
-0.14629689665185056
-0.47368032830042733
-1.8388641013673839
-1.953805352564885
-2.6610362933631726
-2.4699379220354905
-1.4460781784954986
-0.7423033213442878
-1.6895740878119394
-2.2747019594248905
-1.3369696024219409
-1.8415093520662131
-2.279288715828543
-2.033238602286904
-2.201600688895454
-1.676549319017744
-0.1322375224284558
-0.9125276894265134
-0.44489435305651237
-0.36401552541303206
-1.0310308780895654
0.5150949764682909
0.11369985505713782
0.45863606436653537
1.0161116496156868
1.1055163950034936
0.430924861187571
-0.11025286737894523
-1.0937008468288811
-0.31944681538190056
0.21269066826884162
0.4099981472113679
0.3428422426702339
-0.3021186376704821
-1.0040447421361427
-2.00376779161324
-0.5338774879543303
-0.8173720986258989
-0.795559069188612
-0.7475833569033361
-1.849362194867464
-2.6256360804224457
-2.892666842219117
-1.4175468901354653
-1.0719605163599568
-0.9805041994631049
-2.069565572486301
-1.4442735799265847
-2.2447775620151598
-1.8126262811102782
-2.060846123313338
-1.2734328665221155
-1.2221984930335248
-1.4098409710227802
-1.4610202055278725
-1.7954492875125185
-0.8910103946280692
-0.026674423647335757
0.4111007104900758
0.43177929095202466
0.28422625029208776
0.32240314879717413
0.2963995695810489
0.27803491676133424
0.32511377257688845
-0.6148307548877638
-2.947648101416044
-1.4007680866549337
-0.5175840655894717
-0.9247738413403318
-0.878461685705634
-0.9170627763686041
-0.30991363749809264
-0.8999579118029558
-1.0945785965115948
-1.459352090277981
-1.9836077056746888
-2.8121293143088204
-2.806093531379927
-2.076963867022272
-0.6889545942716354
-0.5711920927201596
0.07090694979086862
-0.14275167621440807
0.10922019967570379
0.2479527092307601
-0.4572843014029213
-0.10717974187711879
-0.13563729121735799
0.46539358066931685
0.09004882725720167
0.5988628854069579
-0.049621232653927996
0.40207604714685635
0.49995719036051983
-0.04676118145570971
0.39050870127475795
0.40602356319496563
0.5474277962287771
-0.5386814855814867
-0.10298033408109077
0.3286329157375136
0.4331146436115097
0.5863664751573715
0.5108035073580949
0.3416811275931307
-0.13555888422565718
-0.4537154859057554
-0.47452883020452674
-0.18245529959668974
-0.1873302695084084
0.5518312577803597
0.6051096365442733
-0.07918904690815515
-0.285805191469355
-2.0539277417765187
-0.04627951066860255
-0.32448259965427617
0.3576305318123122
0.22024379000344899
0.1318194868247861
-0.8799291499210509
-0.8622253488198356
-0.7747006685270004
-0.14756920637644602
-0.23906280901888874
-0.05047362252918198
0.2519540036485231
0.46018971133429354
0.5429982877850641
0.4215035979174063
0.4749726428083686
0.30440167918249084
0.374449231168386
0.09954131997753972
0.3615992226486324
0.35837770448114986
0.4643106581732868
0.3062428622473556
-0.4005595357024221
0.3032719082393361
0.44509184553641273
0.36440904432419785
0.2329162014159762
0.025706066070437156
0.3640676659404939
-0.11852380933768705
0.05592235854069539
0.40191024300618705
0.27213814103660106
-0.9050113602549246
-0.2883383100076794
-0.41806328927355185
-0.1219199465781648
-0.000263206195348896
-0.08398180831511479
-0.0013117616315153002
0.1807336375982338
-0.15017024611093968
-0.3510885379678574
-0.549488057746018
-0.46410468746445627
-1.1840714858149632
-0.24462940319052567
0.5315050835397712
0.5668123557499953
-0.16359858384559867
-0.5191325066411954
-1.050370739951447
-0.5544140016596782
-0.2744130562684046
0.178201642537892
-0.05039963256520226
0.3696681135034295
-0.32628671711183954
-2.336736520676521
-1.7383132107210806
-0.717055077569479
0.11338700571325641
0.15444239402316862
0.5079408327236375
0.16543317052407736
-0.08073989475196788
-0.17487337649698276
0.11028246404409146
0.29611587129790684
0.2056973646816286
-0.5434310034132094
-1.2576233333248321
-0.33662129553062087
-0.4399862020722723
0.23698654723370355
0.14501691882100787
-0.30107652634847626
-0.1661099109695072
-0.26740211170932776
-2.124926879003829
-2.393427115956927
-1.4761430873616574
-0.1678934127446932
0.08692486859525482
-0.2257744741075773
0.3983600275248772
0.4733429410964873
0.49524949366027315
0.305751496105402
-0.4261048466790717
-0.5879790540226891
-0.23202919177867773
-0.6374829121844092
-2.389635225428174
-1.1199067089786245
-0.92618730528711
-1.0071968348231553
-1.6692981964957054
-2.419973938536037
-2.0202008738785024
-2.2484409373398577
-2.3157424187995983
-1.3700089839444667
-0.20079899719056474
0.20741479802448579
0.29619787253446317
0.46346328875157716
0.45493906063206846
0.37591077805872325
-0.8229480683242782
-0.7947463438155896
-0.12506353670691442
0.09651006229374257
-0.4078572972336425
-1.6586874787268822
-1.0940594166995328
0.011362838136335736
0.282447967897909
0.6598208995642566
0.5566115953567917
0.4443426835202763
0.5751047499417218
0.8721663059395308
1.107295292265132
0.9032960806321217
0.6759853750030796
0.786714269475883
0.8608138213612748
0.9128959570805554
0.21432884894176235
0.40200400808365316
0.5077602773316444
0.5454377466171422
0.45096389608487836
0.3890710542049473
0.35485753712054136
0.5360045754688271
0.5520331077418834
0.47153023784708237
0.6774163413972449
0.00884362676393737
0.41901524358915115
0.3485414090941938
-0.021677312482401852
0.42832537681797805
0.6749483740433535
0.7642208811591091
0.1716527860220081
-0.36625351446874993
-0.04740760367796222
-0.5588623234712244
-2.0589422801837762
-2.326647867334228
-1.1131955156139106
-1.3509911386135223
-2.3284640758290034
-2.600220270460483
-0.8174580768321119
-0.06186600864085617
-0.26365177265070944
0.22825475101948473
0.46810906914028855
0.38541499813811103
0.31344493404824975
-0.9123870015936093
-0.8729042596456837
-0.058058269772144344
0.014620379926296884
-0.18258845269619842
-0.25415493557490665
-0.6119588242927675
0.06842813964112619
0.06596687175181343
-0.6891999203483872
-2.2602586562501745
-0.9664113957419025
0.39547668229454197
0.11649239713043384
0.20571162370276005
0.4983384689426408
0.7340201867682592
0.3129129540962117
-1.3861405498669566
-0.48890576540379016
-0.002948861734091018
-1.4264736942934266
-0.36819738965488136
0.22701976853582595
-0.06336319922944265
0.452014903293411
0.20550201030268309
0.21993917092587498
0.39220732953965876
0.3934084128023912
0.2517508851989371
-0.08242838098441853
0.5000218328403971
0.1286051144667919
0.16798079192234167
-0.20874951383952267
0.2769068244964461
0.33538221904123244
-1.5230796778494173
-2.5606181260954557
-2.348235002691493
-1.129303889563853
-1.4512864886014882
0.007207809384361889
-0.3015450903610461
0.3231521975735327
0.19382050567046868
0.16628469333127124
0.037763999834587524
0.18405986236120905
0.08894222181034081
0.21284683466410242
-0.8948128447373225
-0.4791167205844986
-0.29446796160104793
-1.096671641561199
-2.4880629072497684
-0.943673815693792
-0.3360509288635625
-0.9516024927235752
-0.5290467594135563
-1.8862273997436294
-2.388627420882827
-1.1644211972875944
-0.2099339846070089
-0.2766519985639302
0.030541054881766658
-0.18994720757855668
-0.2991394045226042
-0.1256426840490513
0.1489605570800827
0.15836625625948658
0.26990096092137633
-0.9749869072746037
-0.503138793861614
0.29725752600333244
0.16564011204541862
0.3838918768973449
-0.24001376074679917
-0.3026740115183043
-0.3624544094406926
-0.7458973515470678
-0.2227739474582429
-0.4310093895329994
-0.4091450613928474
-0.4214352136420348
-0.2602603971436288
-0.15077036320822879
0.31691909843447424
0.7311437558933385
0.8210477143483988
0.7445983796126148
0.622239366131499
0.8233197178090867
0.5553800954819429
0.09966227767509638
0.09969157742475272
-0.07000951878249925
-0.5519591892745824
0.12910988751007096
0.07024193215709798
0.18498655312890247
0.5281595272300915
0.299050460727397
-1.6535866969847706
-1.7685578319903061
-0.008485072088376549
-0.9980449495697659
-1.2620093816236657
-0.530474496940997
-0.8250021126050716
-0.7773951053361698
-0.2249171155740474
-0.21184260412790337
-0.16400132070490508
-0.6227176125464287
-0.9028332514774744
-0.43274759809991226
-1.6998915131494547
-2.574867756989715
-1.802846583322419
-0.29381613560713093
0.3773938196350823
0.1277661211106072
0.30758574716460835
0.2963619146938551
0.45789592165709675
0.31679121837895186
-0.3653206942235346
-1.8664895720788652
-0.07778393291992935
0.4245264761611391
0.347285351814912
0.218090122418264
-0.47817981041750623
-0.31137168960948647
-0.25751211978507804
0.17979577989875073
0.2618534183254323
0.163078052585859
0.5268424613915278
0.5411259540293264
0.5131387052389932
0.07817693992189008
-0.4115808307008427
-0.1636946831377884
-0.5683083759296984
0.034733396151841775
-0.06794696145663995
0.45702417186226013
0.09061209655305386
0.36145401428920965
0.929811784689217
1.2231801410959162
0.669953591450033
1.203528672316387
1.2819841389613016
-0.1998102665965089
0.4587134495648063
0.5617205463017145
0.6907136240742653
0.3498577027617166
0.08108250616323884
0.3803807058578748
0.07340536674914291
-0.2604600944892908
-0.47777326675285053
0.031777937554747164
-2.078175492686162
-1.4634017533456383
-0.4620860539141259
-0.1285483156863584
0.22845176756998817
0.3607143977808898
0.6913644389926493
-0.7232081881713903
-2.2582749166390412
-0.6490811885300106
-1.6563363221373326
-1.55036995182547
-0.4246459437627597
0.5334116320917941
0.5970803851346587
0.6889197418289156
0.4038405349040799
-0.28294199679444504
0.18693506975965876
0.6236967964700716
0.3680399824652479
0.39091943082184555
0.7530162420042067
0.9443086375428668
0.5893304544972012
-0.2368589273391041
0.25810891653335155
-0.9348069155640046
0.24571161012262738
0.56985413480629
0.0340789552121861
-0.21191272006073644
0.43234449368477607
0.5687196067702233
0.4810979319469309
-0.3329936753434617
-0.6441046956923704
0.7726597530150462
0.9465393531558179
0.017567668198837323
-0.3985809886489572
0.43157634044273496
0.5569582868645447
0.6437682397179644
0.6487956493408886
-0.5046243847086518
-0.43844999220244785
-0.13535335674815702
-0.22177725136779577
-1.9207154314763426
-0.298715499374331
-0.4313276609727011
0.3394823543857593
0.0752455090190134
-0.4189305939206306
-0.9568185550845877
-0.45092982346506655
0.45487164984712286
0.5945507214146788
0.6274942841284854
1.0017700802147458
1.2035933619765007
-0.13256298009262565
0.5297472969548019
-0.0361812346164483
0.3166390048982407
-0.28652703969245885
0.9763779023225225
0.705721984491044
-0.20998789672366774
0.41677975021172253
0.1504117271317098
0.18404666541979284
0.3990372223267241
-0.1350894347656327
0.8966468895291324
1.3734746033626706
0.14115642069365034
-0.44162126095080634
-0.6545313122340202
-0.5667717415793871
-0.6173824036224059
-0.5693157559788242
-0.1642073394092691
0.16139613500298527
0.21600227596965074
0.09950621079237171
0.007069255104724669
-0.6792143073158327
0.41364966960419286
0.2735440515481421
-0.17686217210158464
0.4469205806220251
0.10658060927985755
0.5933204194204835
0.1431967467689757
0.7411359095617986
-0.4235642555971701
-0.6945510540704924
0.12840033757709168
0.08286073132040886
0.03961348395807918
-0.4138637614366725
-0.4304887038757336
-0.08381399628400349
0.2587547156099063
0.42941014678878175
0.7664355644643197
0.619778593880719
0.29568386272823716
0.8108428244150847
0.7506343679903759
1.1282152314451301
0.6227388867063115
0.7834904238871473
-1.053929785224902
-0.05556976640722499
-0.7399265230313483
-0.05797009823564877
0.3355361788351006
0.5817857015630103
-0.1046103492498745
-0.6641752454379273
-1.5716416006670653
-0.5832146214221906
0.025866875808657253
-0.17323764598619612
0.14165423983011427
0.3474818373041552
-0.39385824757476556
-0.5366547612965672
-0.2910948874966819
0.37969519735800794
-0.21617232883733564
0.3098680183723753
0.2107265345782796
1.2334047992501571
1.0643134983178328
1.0446258228667404
0.9334340862182852
-0.23096804529643086
-0.28225468769578466
-0.27829766004667866
-0.06523767826840494
-0.2812377660942252
0.3254200058567379
0.6329669063538808
0.892255410095256
1.264359160056011
0.9637928356447307
1.227267537289825
0.6665414646719701
0.8998095955992887
0.9524887957818738
0.9056400189730894
0.8425513733721693
0.6817041534693163
0.22280783307545363
0.26613509899137955
0.47077495200244157
-0.9416555661967162
-0.5485125291944382
0.19206143702788822
-0.5076040416452365
-0.4281494474007058
-0.6923096250315419
-0.4474283558970003
-0.902562533345573
-0.2793413746382948
-0.18406819961120482
0.20664614070452741
0.017367608751840655
-0.5247724308396898
-0.3332954563897905
0.13026286065995646
-0.4446874161678307
-1.4244662944832898
-1.8192510547926162
-1.1498604644144972
-0.7198817324753375
-0.5646482099024622
-0.4005588288962342
-0.38709203389790875
-0.3067415797211947
-0.4784734304118431
-0.4010850962122533
-0.060248497548081946
-0.06484111268515445
0.5087599334529637
-0.17015517461827723
-0.08499796982551723
0.0040892341623476
-0.3252601367407318
-0.1807893345102873
-0.6493799800810164
0.258590712805539
0.4989282456814905
0.3192676650891224
0.6023581632221723
0.5121339328464999
0.15215621529724022
0.3526590778937227
0.32518629622064077
0.5378417943845286
0.6216782801128071
0.3993102600729684
0.35857537386611327
0.6005079950801634
0.18389099569574238
-0.3054425338772262
-0.5509650349413305
0.004126453045691671
-0.4699880565059846
-0.23483821835790014
-0.1596305346059373
-1.4683581780316417
-1.3307370166934485
-2.140014488841909
-2.129827791679838
-2.0489848199326217
-2.4846763037913684
-2.0956229915159543
-0.627422097384484
0.12386357247713269
0.16854681125742887
0.3559303994341617
0.04746859788400317
0.1559061658254612
0.4355475927833472
0.5833906988213292
0.25069243296757315
0.25654734473244734
0.017017018783340693
-0.04545551550749505
0.10123619776311324
-0.5206760347858789
-0.38448935892839814
0.04799600433974089
0.0915269611353399
-0.054237965581892575
-0.9655973628772421
-0.2993368263102815
0.024849313184372935
0.5183302587957477
0.3714008512700997
0.33173640569799506
0.4243912876958359
0.2803677033206006
0.17314277193653105
0.35673901877019853
0.2581124978312581
-0.08661966889401185
-0.21965474612130306
0.2501655635030236
-0.5805284204303623
-0.11079468321036005
-0.5018322279365348
-0.28116456182108157
-0.8102168276791281
-0.4291872847861256
-0.5073603259672014
-0.890156372941212
-0.4961600397388196
-1.2162375149632239
-1.9032534598139075
-1.4221260288237458
-1.8291146373871034
-1.5739167127130724
-1.3221384210458749
-2.5065291087908483
-2.5228140214096304
-2.469959013981439
-3.1183403323444945
-1.9599702401645058
-0.9478632592383948
-0.037599464555369645
-1.7628260666813993
-0.5383757529637991
-1.8495448339538252
-1.9853657901977475
-0.8958054087575674
-2.089921595901349
-1.5354229847503496
-1.2518342603482886
-0.0905887528789334
-0.5160590733900248
-1.1714168451481641
-0.9403850679256945
-1.5546799873010062
-1.4333453181144495
-1.3607594064144117
-0.7103649927269222
-0.9527980612084025
-0.2964371903138365
-0.15082916410197417
-0.30189903140051244
-0.39082367783223865
0.09264980279809647
0.3463655138959848
0.40292638232967803
0.03425758288885223
0.01274048729772879
-0.1169037460864685
-0.254120389653474
-0.17698104887216903
-0.19784473520460444
-1.8278615853241822
-1.8526647202244404
-0.9652273792498897
-0.631763239077837
-0.43096610564605004
-0.37273116315745775
0.12761430560421744
0.17320264421121156
0.032283768594564756
0.35000731266191737
0.13041511568194047
-0.7940319441031217
-1.6659828805227759
-0.48799636975765653
-0.08387046357373072
-0.8528166638331478
-1.0525815830657879
-1.338109100842224
-1.8750065866115717
-2.007187327250923
-1.3524056825793824
-1.2310893179036848
-1.1931751233789194
-0.9206945296966385
-0.5885881875339569
-0.4173311359038549
0.054126713085482094
-0.4962887822387122
-0.7933784706325503
-1.3053043969475384
-0.8467606722860825
-1.0345667358599415
-0.18309050263597393
-0.21997279773782727
-0.6729891562507686
-0.08243252147169343
-1.3972125159140691
-0.3488048323606557
0.37554976678436114
-0.9129143837940238
-0.8350559780875548
-0.687699022982232
-0.29525815131964717
-0.7129434651571847
-1.7466291268862433
-1.0379531716928474
-0.7481492066865847
-0.760347037852361
-0.9752383099673249
-0.5784746514345489
-1.3877796585662294
-2.102934719544067
-2.712821075943965
-0.7008703647040055
-0.2443145849451128
0.11285878695206643
0.5215166066167474
0.12491971287245955
-1.2538107058228585
-2.2359434390548607
-2.420193242331911
-2.6897945746708167
-1.4647150788650514
-1.4008617344966492
-1.256280763407696
-1.320683341848367
-1.0869172464084518
-1.8113393965925482
-1.1446620502866596
-2.0253465091231435
-1.6597357384058573
-0.4622667286490577
0.023290029676711066
-0.1544528178672797
-0.48538349051142715
0.0907457466902655
-0.6884408193667658
-0.4936947280396081
-0.08588308380638233
-0.4892557971860682
-0.9087311604353595
-1.067006643076587
-2.6052708469403743
-2.4099535748015146
-2.5432691534121448
-2.413571605571551
-1.9745912800983514
-1.027473984906527
-0.8727750893691428
-0.627466019130782
-0.9351491943733661
-0.8061156790921298
-0.36714946375984686
-0.1563717691919888
-1.3364222042881329
-1.5475366658563188
-1.8749047025349648
-2.415995015698631
-1.4696846138102342
-1.5107490066590727
-2.4520353265966985
-1.8674193804020536
-2.5064479742019627
-2.419204916655261
-2.50874816867436
-1.829831977030714
-1.7084246646496015
-2.034771031059213
-2.3904995854821167
-2.2553340338283627
-1.4883060203257918
-1.0829847998724174
-0.6638616739466473
-0.9080050194032162
-1.89444351831643
-0.5735924220898514
-0.3447227813064526
-0.3135987240982309
0.0027150164571616915
-0.36937010885283234
0.2261239825146145
0.4349248244911111
-0.3156156002792789
0.2748940242542242
0.6234337247231857
0.5651835081076376
0.8816849967221991
1.1467226694098815
1.1930412321867796
0.6615309944608248
0.8481033367689328
-0.4436426961844901
0.1567546636089851
-0.5807455228801155
0.27844331136803246
-0.323228101253478
-0.1599204565292212
0.030058501080476006
0.7343618501709485
0.45545181306375965
-0.08053496752559128
-0.11329553700611732
-0.8796289460337023
-0.322060345447595
0.38127126594230365
-0.11302352253149801
0.18839944429952935
-0.3517881084569893
0.1574758868014054
0.4992249828544553
0.4670612325331042
0.34061200499487265
0.5184537854045959
0.40512040702574487
0.5581093497772198
0.23816071222175234
0.6220340856488221
0.6551010190649817
0.3517329667380674
-0.9351477223208317
-1.315012312687985
-1.8175889472713689
-0.6263964275795589
-1.0225246701588133
-0.5389828356360276
0.2349382322495485
0.3706560453491964
0.07419782168289402
0.41925981864347805
0.07826233838357427
0.9489616855125156
0.8280118546508243
0.408451375312777
0.9062221569029169
0.5344859151553636
0.4669462172834113
0.5666888813125671
0.7822853479781112
0.6831390989357782
0.24425015577927156
0.5406287422900394
-0.33248310406349574
-0.04041519203579035
0.4069106204188999
0.5270247644261392
0.2539068729880348
0.14037302952286076
0.0891977199418839
0.13395065304174109
0.15058432613935324
0.3457042330478743
0.2582918436486314
0.7924367887180902
0.7762934892957208
-0.26312732195864347
0.370296754625457
-1.2213365618430163
-0.4530511299712806
0.14555796161885634
0.5582799512552665
0.5580320379026139
0.8297184192591172
0.6557156025835813
-0.07774555333515162
0.16079835292610642
0.9748923131741608
1.0284734559884035
0.6453426474726851
-0.31291589655041285
-0.8807448625974653
-1.9142121390905489
-2.145344872977509
-0.3540573911954119
0.4793492747578412
0.6649406243340361
-1.0051499364655885
-2.119163101240259
-1.8742234579990145
-0.7099442429422169
-0.9287794788405497
-0.62634658933991
-0.4860322387968648
-0.6630398024178777
-0.18861298188771078
0.2963723440891876
0.16152812247777593
0.3679676958837065
0.40658546728606615
0.3598867591141353
0.5513081248841812
0.2754933630326481
0.5318134256786269
1.0052544598088335
0.8452820994055524
0.9058673682528285
1.1356311879794376
1.1911106259514892
1.1450422920045533
0.037117333525728956
0.1351507481100372
0.28433089420075375
-1.450247426900055
-1.9716908907883637
-2.965856549288029
-2.8485612930255004
-0.8711318718668563
0.10130786922337971
0.8034679915146786
0.7421859404001723
0.9113413424140119
1.0184247880618678
0.9571939595740635
0.8070547176631967
0.7827459024791422
0.9928611104564341
0.724123455743567
0.3176385370439363
0.013661010496270639
-1.0042852859013718
-1.7283887010594905
-1.9807387612764353
-1.9780052475733079
-1.1300388071758087
-0.989006543857208
-0.846539395413707
-1.91568810954831
-1.091845984685765
-0.31483332331043223
0.38314072773594243
0.9822550027346137
0.8865883969420785
0.4667599551545198
0.4126697349498589
0.3310924800674096
-0.0673114317490747
0.20272133107773935
0.6104446819167477
0.6242299253128757
0.747505059926014
0.39301819279291783
-0.28303170902344077
0.7303355517981828
0.9646142324351741
1.1317229996500364
1.3677613827208455
1.4094492263545881
1.368837441404279
1.416127658942042
1.4170437962813618
1.375089719695631
1.4130159378748315
1.4095943400876338
1.270492713201147
1.615526450739259
1.33429864323663
1.4560826450950075
1.4283127579208659
1.6682572382391232
1.4939083277841325
1.532807457161517
1.518397522119031
1.8067001670554013
1.3187630450956316
1.4966457160695885
1.4484450638595507
1.1617575901582093
1.2213491851374763
1.2787514976848922
1.400470023630225
1.4285797428881652
1.7713995010669907
1.724974217773648
1.8480631465972588
1.514889838640916
1.011106714139414
-0.08850541926298233
-2.103026079073195
-2.4831082942521485
-2.2155425472047243
-2.746867143815975
0.2664098740647313
0.7940764441495044
0.7258935599281141
0.588790628892444
0.5697578876221232
0.5603560463413371
0.8486501438199608
0.8980320468837044
0.9160213836308371
0.4117326484003067
0.19355172697011172
0.27490792416886095
0.3450126329049677
-0.18112932045575034
-0.5758451054507039
0.12999664320336654
0.719020433423785
0.9810379234005829
0.5253948885835106
0.8766882821155358
0.9637883110315114
0.9349673746969622
1.052561286849385
1.1962213016511818
1.2861959513966943
0.6731246800396019
1.1493283827121203
1.4347561142971421
1.2953552517824123
1.2340774317862597
0.8981867714349563
0.7230115869359296
1.0414560695347301
0.8803328785722442
0.9954567675178914
1.0422774630640073
1.1319335891021898
1.258823921361044
1.3069143668461194
1.3934265685292695
0.8148646487517375
0.8995346025010826
1.2030977623262762
-1.4393044577047385
-1.184978614629054
-1.0313630228219868
-0.0951900758528813
-0.564342500337853
0.3947063629765611
0.7409426262907565
0.31044004858702406
0.9651950785103485
0.9206432430374927
1.2009622526171726
1.4980890825405844
1.5857434757500903
1.254590376945048
0.7962689099498542
0.7209100780201175
-0.8604658615005994
-1.7654573896851113
-2.5882045292737863
-2.0058473114626207
0.21604549198941295
-2.0725275088138617
-2.0331771146498157
-0.7687383039120315
-0.6131145041631023
-1.703368848348632
-2.730435876097294
-1.9495906283653657
-1.1877752947609161
-0.7301259984218272
-0.23551411469955527
-0.16773561148445162
-0.36298488832629733
-0.7257692961739716
-0.708341530198132
-0.10328472937403368
0.5912335944861836
0.788526587193533
0.9766353887715986
0.8732795218022775
1.0366335873976023
0.8939335225729454
0.926530368013762
0.37986326739149456
0.5762905102676132
-0.3408508948566489
0.14538178980424915
0.41904678147695057
0.22433385551392238
0.5142193201421645
0.8245309307964702
0.7326821445021595
0.3270021067086636
0.8981587022525485
0.7236841374232363
0.8243790002618966
0.31956580896390446
0.24147053533319585
-0.0454601897297331
0.1763078045216303
0.12996792401936474
-1.2011247837849754
-0.8156976987866781
-1.949687698517779
-2.2999021438056273
-0.949240954577754
-0.9080752839872214
-0.743515570800287
-2.3570853547535204
-0.7690667977027265
-1.1762156941415451
-2.4621510272087312
-0.4722333467178652
-0.1853473610256686
-0.3423971923571554
-0.3433133308544588
-0.9317146072970044
-0.8214546765871084
-0.013980040812064946
-1.0286931313027512
-1.5039412039508473
-2.182104391182111
-1.423786043718231
-1.7049681874260831
-0.5221120072495251
-2.5831919132908903
-0.8374686054013983
-2.026462663783372
-1.670849983583287
0.007450543730473059
1.2091153093291962
1.66481713162128
1.5681645125653736
1.3392750574780892
0.8123552672228888
-0.5306690592951299
-1.2193660000365734
-0.644873002799048
0.28509296990467153
0.6444097050286861
0.9808291309903919
-1.2996164296575425
-0.39352375195335304
0.6640696427536864
0.7000292591579301
1.054823601938035
0.964313768424097
0.9140690052146523
1.2371446243665039
1.0143355320011695
1.075625260594786
0.8341067552079293
0.7062924323700869
0.7319442109400014
1.0343293500809432
-0.475284347729223
-0.32279261937566295
0.46804332649349556
1.1112811965069573
0.3316668402543231
-0.5377656724804635
-2.705687736369375
-0.7745625034484506
-0.08451561904400577
-0.4600622807560904
1.0865658477522295
1.1361775126962483
0.5295185217720245
0.04402271836778604
-0.0770554762454865
0.04216950197552985
-0.22582137623017454
0.4192216139791732
0.8679482112172479
0.7707244581939392
0.5555041684496674
0.5918631901401441
0.6462549817220247
0.7377195811615253
0.49180978513655377
-0.98935895054134
-0.3952279256577293
-1.3318532251537747
-2.219683143133365
-2.387139394604449
-1.0505700378490783
-2.377603873661583
-0.6505941378194113
0.4595650790721923
1.0140486755928537
0.6787154052251206
0.3581331142970026
0.5722818372903378
-0.009495271502348857
0.6042965481586933
0.7706290412602961
0.2644967427284605
-1.4804493345562844
-0.3959969629350584
0.31726724295965403
-0.15137574549121577
-2.716170484000914
-0.6319347747878653
-1.5281661111055505
-0.22764779023875836
0.5961149069893279
1.0992126574810428
1.0714315505891012
0.7375290855128188
-1.4546925463475924
-0.28791838377267776
0.6239692928668727
0.09793947208283406
-2.3227071338994065
-0.22987960545804376
-0.4406786692443018
-1.3495245785515515
0.3616185189814122
0.35897998121222696
-2.0375945140133207
-1.582584501780382
-2.724179469224403
-2.3815274016113674
-0.4705431674303519
-0.501396839635997
-0.42866641003510664
-0.23786964239686512
-0.46045634986439693
-0.12252605757099504
-0.12069710604531468
0.14286628533080808
-0.18615962721963977
0.3157054060991639
0.3340402813847744
0.6246066559894928
0.5818875567787135
0.2635168220643522
-0.24494532429323668
0.26914183455892193
-0.26904048336181763
-1.2248371615545595
0.07524080319380515
-0.2673973332654025
-0.31027047745778336
0.10762413696993613
-0.5081167431545477
-0.2656832335183738
0.13454129015801802
0.9844499796778294
1.0224191972259045
0.9873277433417255
1.045770130309416
0.9017936246772497
0.6003746199287748
0.3192566062702702
0.1165687692660868
-0.1934693647351215
-0.23793559712978946
0.24817407071634434
0.15183654775958166
0.35722274597006165
-0.39597463816109557
-0.17900038760237652
-1.8916852590493791
-2.7107676117883557
-2.5513517580049228
-2.670526325915656
-2.6868924437910255
